teacvherextuserid,classcode,classid,invitationid,tch
t144_1592822816502_4,QeFU-sTwX,f0d5a28c-b474-11ea-94cc-0242ac110002,855a691c-a978-4afd-a7f7-c089af9a235e,t244_20200622-160846_4
t144_1592822819486_7,rKew-xNdV,4ca55bf7-b475-11ea-840b-0242ac110002,6aec1c9b-e332-4aa4-9e68-9e791ffa44e5,t244_20200622-160846_7
t144_1592822819235_5,2uwp-3wEr,0e91541e-b475-11ea-840b-0242ac110002,00745ac2-4cd8-4879-8b13-4c6a3a55192e,t244_20200622-160846_5
t144_1592822826590_2,48c2-DA6X,b697aa11-b474-11ea-94cc-0242ac110002,6c48e691-52f2-4a2d-9923-6b954d31583d,t244_20200622-160846_2
t144_1592822822071_10,6Gtp-va9K,a5f4f95a-b475-11ea-94cc-0242ac110002,5b9396aa-238b-44ca-996b-79bdf27e5940,t244_20200622-160846_10
t144_1592822830729_9,zT9K-3273,84f0d3c7-b475-11ea-94cc-0242ac110002,2003e77f-dd53-4c71-adbc-c618070e7f79,t244_20200622-160846_9
t144_1592822835124_3,xWZP-ZVXj,d41feee2-b474-11ea-840b-0242ac110002,63bdd2cd-e720-4b9d-be3b-dfd35e93caf1,t244_20200622-160846_3
t144_1592822835484_8,YoQf-6v6e,6a984a7b-b475-11ea-840b-0242ac110002,9c1cf250-f059-41ee-8294-6329eb3d9ff0,t244_20200622-160846_8
t144_1592822842220_5,2uwp-3wEr,0e91541e-b475-11ea-840b-0242ac110002,b97e3755-c49c-4fbf-a219-d4c720c29a3a,t244_20200622-160846_5
t144_1592822839291_6,eyCZ-Yn4H,2f0ac665-b475-11ea-94cc-0242ac110002,a430c3e3-42ac-4abd-9866-6761a9e8537e,t244_20200622-160846_6
t144_1592822841017_7,rKew-xNdV,4ca55bf7-b475-11ea-840b-0242ac110002,7b7cdf6f-2860-4ed2-af46-06c95c09a776,t244_20200622-160846_7
t144_1592822840216_4,QeFU-sTwX,f0d5a28c-b474-11ea-94cc-0242ac110002,5ab520bb-c5dc-43eb-abd6-5dd4f49b5f6b,t244_20200622-160846_4
t144_1592822850290_10,6Gtp-va9K,a5f4f95a-b475-11ea-94cc-0242ac110002,65031a93-d8e6-4868-8463-bd787a4c7a48,t244_20200622-160846_10
t144_1592822848949_2,48c2-DA6X,b697aa11-b474-11ea-94cc-0242ac110002,1ecb4924-a24e-40b8-8745-16183d3ceccb,t244_20200622-160846_2
t144_1592822852659_9,zT9K-3273,84f0d3c7-b475-11ea-94cc-0242ac110002,4137117f-80da-497e-bbc4-a97d1b7e7407,t244_20200622-160846_9
t144_1592822861094_3,xWZP-ZVXj,d41feee2-b474-11ea-840b-0242ac110002,39587054-3221-47d5-9490-5c8b58193d6a,t244_20200622-160846_3
t144_1592822864158_6,eyCZ-Yn4H,2f0ac665-b475-11ea-94cc-0242ac110002,1168ceb9-48ca-4067-9aff-e7fbc6b7414f,t244_20200622-160846_6
t144_1592822866259_4,QeFU-sTwX,f0d5a28c-b474-11ea-94cc-0242ac110002,34356826-353b-47df-9c9d-4588aad38572,t244_20200622-160846_4
t144_1592822865879_7,rKew-xNdV,4ca55bf7-b475-11ea-840b-0242ac110002,2d7a7e98-a017-41dc-9cb1-aef716ff3b3a,t244_20200622-160846_7
t144_1592822864011_5,2uwp-3wEr,0e91541e-b475-11ea-840b-0242ac110002,54ef9b59-451c-4889-849a-a1421876a5ad,t244_20200622-160846_5
t144_1592822862342_8,YoQf-6v6e,6a984a7b-b475-11ea-840b-0242ac110002,8bafd5e5-53bc-404d-a52a-b14c311b4c7a,t244_20200622-160846_8
t144_1592822870521_2,48c2-DA6X,b697aa11-b474-11ea-94cc-0242ac110002,7fdf151a-3299-40ec-a92b-f762564e0596,t244_20200622-160846_2
t144_1592822868528_10,6Gtp-va9K,a5f4f95a-b475-11ea-94cc-0242ac110002,ddb1aa81-ba0c-499b-a0a2-6228e2d42641,t244_20200622-160846_10
t144_1592822876132_9,zT9K-3273,84f0d3c7-b475-11ea-94cc-0242ac110002,b8f23c10-07f5-44f4-ba54-c1bcd6a951fd,t244_20200622-160846_9
t144_1592822886068_3,xWZP-ZVXj,d41feee2-b474-11ea-840b-0242ac110002,98b5f933-6e35-4427-9303-f49e31fbd66a,t244_20200622-160846_3
t144_1592822889918_4,QeFU-sTwX,f0d5a28c-b474-11ea-94cc-0242ac110002,0f474541-9da3-4ed5-9d0d-45c3de3ee05e,t244_20200622-160846_4
t144_1592822890865_8,YoQf-6v6e,6a984a7b-b475-11ea-840b-0242ac110002,43f1857d-9274-4eba-98c6-4a711676af41,t244_20200622-160846_8
t144_1592822890076_7,rKew-xNdV,4ca55bf7-b475-11ea-840b-0242ac110002,0cd8e0d8-e698-4f6d-a26a-b95e6bf746ce,t244_20200622-160846_7
t144_1592822889444_6,eyCZ-Yn4H,2f0ac665-b475-11ea-94cc-0242ac110002,413dc98e-0d08-4dc5-b1b7-e80dd0d5b34c,t244_20200622-160846_6
t144_1592822890341_5,2uwp-3wEr,0e91541e-b475-11ea-840b-0242ac110002,42dd6700-6a91-441a-9004-b6ba79d0bb4b,t244_20200622-160846_5
t144_1592822894923_10,6Gtp-va9K,a5f4f95a-b475-11ea-94cc-0242ac110002,c0e8e4da-8b46-40f7-9d20-36d9f87b68dd,t244_20200622-160846_10
t144_1592822894925_9,zT9K-3273,84f0d3c7-b475-11ea-94cc-0242ac110002,80c7c8b6-9e4f-4b9f-96b4-24260ce62b65,t244_20200622-160846_9
t144_1592822905506_3,xWZP-ZVXj,d41feee2-b474-11ea-840b-0242ac110002,2e1b6b30-596f-4861-bdc3-99bf0ee4bbf4,t244_20200622-160846_3
t144_1592822908349_4,QeFU-sTwX,f0d5a28c-b474-11ea-94cc-0242ac110002,ef493f08-8651-40b2-94fd-140f66b8ecf1,t244_20200622-160846_4
t144_1592822913780_7,rKew-xNdV,4ca55bf7-b475-11ea-840b-0242ac110002,0942c428-a413-44f7-9f55-bb07d508918b,t244_20200622-160846_7
t144_1592822909529_8,YoQf-6v6e,6a984a7b-b475-11ea-840b-0242ac110002,e4730489-ed33-4931-abed-3b329afcc405,t244_20200622-160846_8
t144_1592822915336_5,2uwp-3wEr,0e91541e-b475-11ea-840b-0242ac110002,86ae8b8f-80df-4c27-9b28-bdaa4ae706ab,t244_20200622-160846_5
t144_1592822915256_6,eyCZ-Yn4H,2f0ac665-b475-11ea-94cc-0242ac110002,633a8f13-81fd-42c7-8a70-d8b31ab7ebd5,t244_20200622-160846_6
t144_1592822919503_9,zT9K-3273,84f0d3c7-b475-11ea-94cc-0242ac110002,73c978a7-1291-4429-ba29-552066d4c272,t244_20200622-160846_9
t144_1592822918849_10,6Gtp-va9K,a5f4f95a-b475-11ea-94cc-0242ac110002,9bba3615-c366-4629-b172-38a8b5074eae,t244_20200622-160846_10
t144_1592822934757_8,YoQf-6v6e,6a984a7b-b475-11ea-840b-0242ac110002,906098e1-0c46-43e8-af21-504051efe032,t244_20200622-160846_8
t144_1592822936053_5,2uwp-3wEr,0e91541e-b475-11ea-840b-0242ac110002,957fdc07-f4ae-40e1-b74b-9152721123cc,t244_20200622-160846_5
t144_1592822934534_4,QeFU-sTwX,f0d5a28c-b474-11ea-94cc-0242ac110002,154414f5-618a-447a-9fb1-c7527ecf180c,t244_20200622-160846_4
t144_1592822934699_7,rKew-xNdV,4ca55bf7-b475-11ea-840b-0242ac110002,8ffdb7f2-a376-4d78-a521-5d5ee4cd9151,t244_20200622-160846_7
t144_1592822937748_6,eyCZ-Yn4H,2f0ac665-b475-11ea-94cc-0242ac110002,4eccf7c9-dab7-4900-be64-4956c142066b,t244_20200622-160846_6
t144_1592822943266_9,zT9K-3273,84f0d3c7-b475-11ea-94cc-0242ac110002,03e5f852-82ba-4188-a01d-350fb3d06ddc,t244_20200622-160846_9
t144_1592822943885_10,6Gtp-va9K,a5f4f95a-b475-11ea-94cc-0242ac110002,90245b5a-7ba8-4d86-82e8-ce97f3064c1d,t244_20200622-160846_10
t144_1592822953748_8,YoQf-6v6e,6a984a7b-b475-11ea-840b-0242ac110002,4ce758a0-6d36-4f78-9573-d0e6a1731819,t244_20200622-160846_8
t144_1592822955472_5,2uwp-3wEr,0e91541e-b475-11ea-840b-0242ac110002,b7a4b7f6-a803-491e-b5b2-920004c660eb,t244_20200622-160846_5
t144_1592822955860_4,QeFU-sTwX,f0d5a28c-b474-11ea-94cc-0242ac110002,f37d18f7-8871-44e7-9ea7-7eea07f0412a,t244_20200622-160846_4
t144_1592822956298_7,rKew-xNdV,4ca55bf7-b475-11ea-840b-0242ac110002,9a951507-0e2e-464e-8d90-2c7554154c69,t244_20200622-160846_7
t144_1592822965136_9,zT9K-3273,84f0d3c7-b475-11ea-94cc-0242ac110002,1e67e313-b8e0-4186-a368-0ddbc9466213,t244_20200622-160846_9
t144_1592822964625_6,eyCZ-Yn4H,2f0ac665-b475-11ea-94cc-0242ac110002,fdd5feb8-2f7b-4cbb-b3ed-461ded0b27fd,t244_20200622-160846_6
t144_1592822971390_10,6Gtp-va9K,a5f4f95a-b475-11ea-94cc-0242ac110002,66a12546-c212-44ca-87ba-609eeade5066,t244_20200622-160846_10
t144_1592822980497_8,YoQf-6v6e,6a984a7b-b475-11ea-840b-0242ac110002,98610c37-7419-4508-982f-48a877006a29,t244_20200622-160846_8
t144_1592822981578_5,2uwp-3wEr,0e91541e-b475-11ea-840b-0242ac110002,b1c61987-5415-48b8-b1fa-47eff1678ac0,t244_20200622-160846_5
t144_1592822985784_9,zT9K-3273,84f0d3c7-b475-11ea-94cc-0242ac110002,dc3631f5-95b7-4e71-9dc4-96ca10c6ea11,t244_20200622-160846_9
t144_1592822989402_6,eyCZ-Yn4H,2f0ac665-b475-11ea-94cc-0242ac110002,0b6b0587-bc0a-49f3-9d5e-ec2b831fd21d,t244_20200622-160846_6
t144_1592822982834_7,rKew-xNdV,4ca55bf7-b475-11ea-840b-0242ac110002,13f2b8a8-af85-4916-a7bd-083e3f3a2542,t244_20200622-160846_7
t144_1592822997955_10,6Gtp-va9K,a5f4f95a-b475-11ea-94cc-0242ac110002,993bca0f-1029-4109-927b-0dca9a38d826,t244_20200622-160846_10
t144_1592823002337_8,YoQf-6v6e,6a984a7b-b475-11ea-840b-0242ac110002,6bd876d8-9f74-4a60-9f33-7d04b7d3c152,t244_20200622-160846_8
t144_1592823009573_6,eyCZ-Yn4H,2f0ac665-b475-11ea-94cc-0242ac110002,3f400041-3557-4535-bcc5-e626eea6ea64,t244_20200622-160846_6
t144_1592823009504_9,zT9K-3273,84f0d3c7-b475-11ea-94cc-0242ac110002,5edad040-b18c-4bea-a5f4-22f2b6d5567d,t244_20200622-160846_9
t144_1592823005327_5,2uwp-3wEr,0e91541e-b475-11ea-840b-0242ac110002,7ccf7b76-629b-43d4-9002-1b7c5b9493a7,t244_20200622-160846_5
t144_1592823010780_7,rKew-xNdV,4ca55bf7-b475-11ea-840b-0242ac110002,4e3f0bf2-2694-4cdc-a894-2ea35ed328c4,t244_20200622-160846_7
t144_1592823021881_10,6Gtp-va9K,a5f4f95a-b475-11ea-94cc-0242ac110002,0e9dbaf4-a674-409c-bfb9-9fe612de94ce,t244_20200622-160846_10
t144_1592823025854_8,YoQf-6v6e,6a984a7b-b475-11ea-840b-0242ac110002,48afa9e4-77ed-478a-a6c7-dd55f68198b4,t244_20200622-160846_8
t144_1592823031015_9,zT9K-3273,84f0d3c7-b475-11ea-94cc-0242ac110002,da370b27-7849-400d-88f3-f548873b7715,t244_20200622-160846_9
t144_1592823028607_6,eyCZ-Yn4H,2f0ac665-b475-11ea-94cc-0242ac110002,b66c60cc-6141-45b7-9ed6-7fccd80f7119,t244_20200622-160846_6
t144_1592823034293_7,rKew-xNdV,4ca55bf7-b475-11ea-840b-0242ac110002,349cb52e-499a-4370-8e2b-52a671d2c851,t244_20200622-160846_7
t144_1592823044799_10,6Gtp-va9K,a5f4f95a-b475-11ea-94cc-0242ac110002,ddaa38f4-0da0-4acf-a1d6-4fa55215d781,t244_20200622-160846_10
t144_1592823050982_8,YoQf-6v6e,6a984a7b-b475-11ea-840b-0242ac110002,53aa0e1a-7603-4f9b-96f7-6b0d4d7a0077,t244_20200622-160846_8
t144_1592823052777_6,eyCZ-Yn4H,2f0ac665-b475-11ea-94cc-0242ac110002,710c7de4-67dd-470b-a376-d5c4d6a40059,t244_20200622-160846_6
t144_1592823052278_9,zT9K-3273,84f0d3c7-b475-11ea-94cc-0242ac110002,5366c159-6bf2-4507-893d-aec82e6a831d,t244_20200622-160846_9
t144_1592823058687_7,rKew-xNdV,4ca55bf7-b475-11ea-840b-0242ac110002,938cbffe-1ea4-489b-bf7c-307260ff0d9e,t244_20200622-160846_7
t144_1592823067723_10,6Gtp-va9K,a5f4f95a-b475-11ea-94cc-0242ac110002,1b9d7c48-415d-49ed-9d87-81e3ffd23492,t244_20200622-160846_10
t144_1592823074668_9,zT9K-3273,84f0d3c7-b475-11ea-94cc-0242ac110002,d4e1848b-4efd-44f0-add6-907c6c128654,t244_20200622-160846_9
t144_1592823074372_6,eyCZ-Yn4H,2f0ac665-b475-11ea-94cc-0242ac110002,41285b1c-3ca0-4e06-bff8-405c27b332b3,t244_20200622-160846_6
t144_1592823072607_8,YoQf-6v6e,6a984a7b-b475-11ea-840b-0242ac110002,21f52854-7a3f-493a-b696-4ee4862a4faa,t244_20200622-160846_8
t144_1592823086589_7,rKew-xNdV,4ca55bf7-b475-11ea-840b-0242ac110002,d7eade27-0077-4cea-b5cd-36762d806ced,t244_20200622-160846_7
t144_1592823094205_10,6Gtp-va9K,a5f4f95a-b475-11ea-94cc-0242ac110002,aa49925d-8894-402e-9f16-4e541f149637,t244_20200622-160846_10
t144_1592823096396_9,zT9K-3273,84f0d3c7-b475-11ea-94cc-0242ac110002,eb8a79e9-9848-44bf-88fb-dbed57452e3b,t244_20200622-160846_9
t144_1592823098927_8,YoQf-6v6e,6a984a7b-b475-11ea-840b-0242ac110002,b0196ac5-08eb-4ee8-8310-cda38e169e6f,t244_20200622-160846_8
t144_1592823108858_7,rKew-xNdV,4ca55bf7-b475-11ea-840b-0242ac110002,b2a0d207-9e10-457d-956e-a46a424bf220,t244_20200622-160846_7
t144_1592823118273_10,6Gtp-va9K,a5f4f95a-b475-11ea-94cc-0242ac110002,49905b99-e875-4475-849f-73f66e1bd97c,t244_20200622-160846_10
t144_1592823120105_8,YoQf-6v6e,6a984a7b-b475-11ea-840b-0242ac110002,f8820206-9b32-4d0a-b410-c5dd0fdf83e8,t244_20200622-160846_8
t144_1592823119463_9,zT9K-3273,84f0d3c7-b475-11ea-94cc-0242ac110002,9a55bddd-a0b8-4dd6-84b2-22db63a75e2e,t244_20200622-160846_9
t144_1592823133462_7,rKew-xNdV,4ca55bf7-b475-11ea-840b-0242ac110002,1336edea-4fba-44d7-98e3-abd05d22838c,t244_20200622-160846_7
t144_1592823140115_10,6Gtp-va9K,a5f4f95a-b475-11ea-94cc-0242ac110002,841a9261-4fc1-4441-beba-cea1fc8b7aed,t244_20200622-160846_10
t144_1592823141144_8,YoQf-6v6e,6a984a7b-b475-11ea-840b-0242ac110002,4b529661-c381-43c9-bb9d-4838144f417f,t244_20200622-160846_8
t144_1592823141578_9,zT9K-3273,84f0d3c7-b475-11ea-94cc-0242ac110002,4cf54731-e932-476a-94e3-c5e53037ab56,t244_20200622-160846_9
t144_1592823160907_8,YoQf-6v6e,6a984a7b-b475-11ea-840b-0242ac110002,3d4d0f4d-b3df-4a67-a880-9c77865e5b35,t244_20200622-160846_8
t144_1592823160190_10,6Gtp-va9K,a5f4f95a-b475-11ea-94cc-0242ac110002,49e6ee82-6cc7-46fc-ba55-66716f4b52b7,t244_20200622-160846_10
t144_1592823168556_9,zT9K-3273,84f0d3c7-b475-11ea-94cc-0242ac110002,aa07f8dd-6b1d-490c-b9f2-ad692b97e445,t244_20200622-160846_9
t144_1592823187389_10,6Gtp-va9K,a5f4f95a-b475-11ea-94cc-0242ac110002,e9415e7c-9700-4250-ad99-76e8a6cc1514,t244_20200622-160846_10
t144_1592823193779_9,zT9K-3273,84f0d3c7-b475-11ea-94cc-0242ac110002,35d8e19f-77c5-4046-9a53-26ca48972bea,t244_20200622-160846_9
t144_1592823207333_10,6Gtp-va9K,a5f4f95a-b475-11ea-94cc-0242ac110002,211d8e13-6b91-4971-bf3e-932d5345c70c,t244_20200622-160846_10
t144_1592823228059_10,6Gtp-va9K,a5f4f95a-b475-11ea-94cc-0242ac110002,8ff62810-4077-43bf-914b-630aebd4ef25,t244_20200622-160846_10
t144_1592823251988_10,6Gtp-va9K,a5f4f95a-b475-11ea-94cc-0242ac110002,3c53a466-9572-41a5-92bc-b7e59f19aed6,t244_20200622-160846_10
t144_1592823276502_10,6Gtp-va9K,a5f4f95a-b475-11ea-94cc-0242ac110002,85b97576-aa98-44ef-8aa5-bc65e1706f11,t244_20200622-160846_10
t144_1592823424190_1,z7bn-L362,0db4ec61-b477-11ea-840b-0242ac110002,960a131b-4680-4a08-b857-954950c7194a,t244_20200622-162619_1
t144_1592823447523_1,z7bn-L362,0db4ec61-b477-11ea-840b-0242ac110002,39560a09-3999-45a0-a21c-cc0691f505c4,t244_20200622-162619_1
t144_1592823466726_2,oZ2E-4yb6,28ed9d17-b477-11ea-94cc-0242ac110002,21235c09-72d8-4278-8f2a-300a03905103,t244_20200622-162619_2
t144_1592823470450_1,z7bn-L362,0db4ec61-b477-11ea-840b-0242ac110002,688c1cff-c350-4f7d-ae1b-333eca5f61d6,t244_20200622-162619_1
t144_1592823493457_1,z7bn-L362,0db4ec61-b477-11ea-840b-0242ac110002,a7bfe4ce-63ba-4071-8a4a-222af9903a28,t244_20200622-162619_1
t144_1592823490440_2,oZ2E-4yb6,28ed9d17-b477-11ea-94cc-0242ac110002,5c2f4e29-9083-41cc-b40c-29487250e623,t244_20200622-162619_2
t144_1592823513566_1,z7bn-L362,0db4ec61-b477-11ea-840b-0242ac110002,e0c8e8a0-fc4c-457d-acb1-3d65cad9971b,t244_20200622-162619_1
t144_1592823514782_2,oZ2E-4yb6,28ed9d17-b477-11ea-94cc-0242ac110002,888e7f5a-c903-40f0-b88c-07cc5e9996e2,t244_20200622-162619_2
t144_1592823521059_3,cMpk-6uRw,4a6f0885-b477-11ea-94cc-0242ac110002,1dad7eda-862a-45b1-9db8-83c062f69680,t244_20200622-162619_3
t144_1592823532341_1,z7bn-L362,0db4ec61-b477-11ea-840b-0242ac110002,10ab7d65-293c-408c-98da-fd3f1826c000,t244_20200622-162619_1
t144_1592823542684_3,cMpk-6uRw,4a6f0885-b477-11ea-94cc-0242ac110002,684ed3a7-5aa8-40a0-b9b9-ae82159bde38,t244_20200622-162619_3
t144_1592823540974_2,oZ2E-4yb6,28ed9d17-b477-11ea-94cc-0242ac110002,3628dc02-c963-46ec-8492-b72252322bd4,t244_20200622-162619_2
t144_1592823553539_1,z7bn-L362,0db4ec61-b477-11ea-840b-0242ac110002,79724cb1-f0e6-4b84-9abf-4077d9ece725,t244_20200622-162619_1
t144_1592823566657_2,oZ2E-4yb6,28ed9d17-b477-11ea-94cc-0242ac110002,969ef171-6dc8-45ad-b77f-4aa683a2a364,t244_20200622-162619_2
t144_1592823562487_3,cMpk-6uRw,4a6f0885-b477-11ea-94cc-0242ac110002,87f3562f-e91a-4769-a498-ce7fbbe1d8ac,t244_20200622-162619_3
t144_1592823577562_4,qKQG-T8N7,68b7b868-b477-11ea-94cc-0242ac110002,1272bcf8-cce9-4213-8366-9e8eb1c93552,t244_20200622-162619_4
t144_1592823579924_1,z7bn-L362,0db4ec61-b477-11ea-840b-0242ac110002,2066933a-9760-40a8-8190-ac3500c4b0d4,t244_20200622-162619_1
t144_1592823587874_2,oZ2E-4yb6,28ed9d17-b477-11ea-94cc-0242ac110002,d08e5e16-b3e4-4cea-991d-26bb83d8210c,t244_20200622-162619_2
t144_1592823589379_3,cMpk-6uRw,4a6f0885-b477-11ea-94cc-0242ac110002,00dacc34-efd6-42ef-9874-271e24b107c1,t244_20200622-162619_3
t144_1592823601062_4,qKQG-T8N7,68b7b868-b477-11ea-94cc-0242ac110002,e813e766-f804-49b4-b9d5-b1e1cd5fb849,t244_20200622-162619_4
t144_1592823602973_1,z7bn-L362,0db4ec61-b477-11ea-840b-0242ac110002,52cc0062-ab53-482c-82c2-792fee360fab,t244_20200622-162619_1
t144_1592823612463_2,oZ2E-4yb6,28ed9d17-b477-11ea-94cc-0242ac110002,445f5e97-9b93-4a33-aa2d-67f984201c41,t244_20200622-162619_2
t144_1592823614441_3,cMpk-6uRw,4a6f0885-b477-11ea-94cc-0242ac110002,91169f5d-892a-4606-8af9-5fd78bbf168c,t244_20200622-162619_3
t144_1592823619251_5,N87r-zp98,84373626-b477-11ea-94cc-0242ac110002,d289b6e6-92fa-454a-a8c5-70500b353eb2,t244_20200622-162619_5
t144_1592823620829_4,qKQG-T8N7,68b7b868-b477-11ea-94cc-0242ac110002,568b941f-df98-4a6d-8f38-ba7b82849979,t244_20200622-162619_4
t144_1592823625778_1,z7bn-L362,0db4ec61-b477-11ea-840b-0242ac110002,f1fd27d1-c1c1-4ae0-8d03-85971cf141ca,t244_20200622-162619_1
t144_1592823634362_2,oZ2E-4yb6,28ed9d17-b477-11ea-94cc-0242ac110002,5ecf403e-1c8d-4296-aa82-da79d9ea4cba,t244_20200622-162619_2
t144_1592823638779_3,cMpk-6uRw,4a6f0885-b477-11ea-94cc-0242ac110002,b14ebb2d-fd81-4c05-884c-63202d08726f,t244_20200622-162619_3
t144_1592823642891_5,N87r-zp98,84373626-b477-11ea-94cc-0242ac110002,214251cd-673f-4efa-8022-d3cbf0f0550c,t244_20200622-162619_5
t144_1592823650626_1,z7bn-L362,0db4ec61-b477-11ea-840b-0242ac110002,1d0a5aed-a19f-4df5-9141-3752d4bd4fdd,t244_20200622-162619_1
t144_1592823645775_4,qKQG-T8N7,68b7b868-b477-11ea-94cc-0242ac110002,100b505a-5934-4205-9f90-1e7a1a8503b0,t244_20200622-162619_4
t144_1592823656599_2,oZ2E-4yb6,28ed9d17-b477-11ea-94cc-0242ac110002,44553981-cad8-44da-b1e8-1c108db41c6d,t244_20200622-162619_2
t144_1592823663477_3,cMpk-6uRw,4a6f0885-b477-11ea-94cc-0242ac110002,8e4a45ac-e57e-4913-a542-9ee006d192c2,t244_20200622-162619_3
t144_1592823668092_5,N87r-zp98,84373626-b477-11ea-94cc-0242ac110002,54630eec-c981-4b6a-8e27-bb60956a9d71,t244_20200622-162619_5
t144_1592823672651_4,qKQG-T8N7,68b7b868-b477-11ea-94cc-0242ac110002,9681bcb9-681c-4862-9dbb-4091609339e8,t244_20200622-162619_4
t144_1592823674023_6,49XL-g9Uj,a2164e1a-b477-11ea-94cc-0242ac110002,3c0095c6-9dbe-41ce-9283-a5614c23b338,t244_20200622-162619_6
t144_1592823676169_2,oZ2E-4yb6,28ed9d17-b477-11ea-94cc-0242ac110002,48781e4d-b883-4d75-8003-9151f2c31c58,t244_20200622-162619_2
t144_1592823671541_1,z7bn-L362,0db4ec61-b477-11ea-840b-0242ac110002,ee2b00b9-9176-4280-b2e9-459b6305f1f7,t244_20200622-162619_1
t144_1592823687149_3,cMpk-6uRw,4a6f0885-b477-11ea-94cc-0242ac110002,edf6b944-1b7c-48c7-a122-09ea035fc58c,t244_20200622-162619_3
t144_1592823690927_5,N87r-zp98,84373626-b477-11ea-94cc-0242ac110002,4bf59ec3-3d89-4858-b3c9-3af914701cf0,t244_20200622-162619_5
t144_1592823696265_6,49XL-g9Uj,a2164e1a-b477-11ea-94cc-0242ac110002,2e5eb0ad-61c5-40ff-b1f7-96dcaceaed62,t244_20200622-162619_6
t144_1592823697627_1,z7bn-L362,0db4ec61-b477-11ea-840b-0242ac110002,a523edd3-7fb8-4c1e-a6c4-5a6592350923,t244_20200622-162619_1
t144_1592823696291_2,oZ2E-4yb6,28ed9d17-b477-11ea-94cc-0242ac110002,3050ee97-159a-4293-b247-d5789c9d4549,t244_20200622-162619_2
t144_1592823695861_4,qKQG-T8N7,68b7b868-b477-11ea-94cc-0242ac110002,9062e31f-db07-4aba-9fc4-c9bc9d3bab08,t244_20200622-162619_4
t144_1592823712269_3,cMpk-6uRw,4a6f0885-b477-11ea-94cc-0242ac110002,73916d1f-703a-4537-b112-fa71eff13dac,t244_20200622-162619_3
t144_1592823717007_1,z7bn-L362,0db4ec61-b477-11ea-840b-0242ac110002,0a514d0f-f274-41fe-9826-0c88a7b4c3c9,t244_20200622-162619_1
t144_1592823716656_6,49XL-g9Uj,a2164e1a-b477-11ea-94cc-0242ac110002,7225c42b-84b6-48e0-9bd2-7618fc858017,t244_20200622-162619_6
t144_1592823718927_4,qKQG-T8N7,68b7b868-b477-11ea-94cc-0242ac110002,ee3b3118-c82b-422d-a0e4-598cf208be39,t244_20200622-162619_4
t144_1592823716642_5,N87r-zp98,84373626-b477-11ea-94cc-0242ac110002,96424efa-237b-4da8-b422-e7259eb9f459,t244_20200622-162619_5
t144_1592823717694_2,oZ2E-4yb6,28ed9d17-b477-11ea-94cc-0242ac110002,98038b35-385d-4a23-9f3f-c7514c95997d,t244_20200622-162619_2
t144_1592823727190_7,sc6a-Eg9R,c13b7a89-b477-11ea-840b-0242ac110002,3fdd484c-99a5-4a3d-a1d8-3aa4f6b6921c,t244_20200622-162619_7
t144_1592823732140_3,cMpk-6uRw,4a6f0885-b477-11ea-94cc-0242ac110002,f2156aa6-7646-4305-b6f1-edbdbc8086c4,t244_20200622-162619_3
t144_1592823738989_6,49XL-g9Uj,a2164e1a-b477-11ea-94cc-0242ac110002,58f5fcdf-8b30-4808-88bc-0abf4f64532b,t244_20200622-162619_6
t144_1592823737485_1,z7bn-L362,0db4ec61-b477-11ea-840b-0242ac110002,7deda9c6-0cf4-4ad1-9c21-9a875d4435d2,t244_20200622-162619_1
t144_1592823742708_5,N87r-zp98,84373626-b477-11ea-94cc-0242ac110002,f4594e54-6d9f-4a48-a7ec-9867d525cb65,t244_20200622-162619_5
t144_1592823744629_2,oZ2E-4yb6,28ed9d17-b477-11ea-94cc-0242ac110002,bcc3d9a1-a713-439b-82fe-ab8fb06d5469,t244_20200622-162619_2
t144_1592823741857_4,qKQG-T8N7,68b7b868-b477-11ea-94cc-0242ac110002,2ca609c0-ec8f-4502-8110-940ba92f6971,t244_20200622-162619_4
t144_1592823751897_7,sc6a-Eg9R,c13b7a89-b477-11ea-840b-0242ac110002,ea55aed7-6cc9-4a02-b9cf-b01350c6ed30,t244_20200622-162619_7
t144_1592823755487_3,cMpk-6uRw,4a6f0885-b477-11ea-94cc-0242ac110002,48eadda1-255b-4aad-85dc-f8129295f6dd,t244_20200622-162619_3
t144_1592823761623_6,49XL-g9Uj,a2164e1a-b477-11ea-94cc-0242ac110002,d0958c26-07c9-4811-a63e-83d4460bd0da,t244_20200622-162619_6
t144_1592823763811_1,z7bn-L362,0db4ec61-b477-11ea-840b-0242ac110002,0bb253b3-d49a-4c85-a8ff-4fbf6859316f,t244_20200622-162619_1
t144_1592823766688_2,oZ2E-4yb6,28ed9d17-b477-11ea-94cc-0242ac110002,56dadb6f-e117-4816-a67f-4bc573fd3b6d,t244_20200622-162619_2
t144_1592823766705_4,qKQG-T8N7,68b7b868-b477-11ea-94cc-0242ac110002,43724c6f-28f2-4d0e-87e9-0b7f198a2334,t244_20200622-162619_4
t144_1592823765577_5,N87r-zp98,84373626-b477-11ea-94cc-0242ac110002,6a370150-7944-415d-9116-8efb13d3b5c1,t244_20200622-162619_5
t144_1592823770316_8,rTC2-Wq4b,dcad6437-b477-11ea-94cc-0242ac110002,412bef97-819c-48af-98c9-dd4e62e540f8,t244_20200622-162619_8
t144_1592823773343_7,sc6a-Eg9R,c13b7a89-b477-11ea-840b-0242ac110002,86c29d86-8a44-4893-a5de-4a4764a974b9,t244_20200622-162619_7
t144_1592823779110_3,cMpk-6uRw,4a6f0885-b477-11ea-94cc-0242ac110002,b3317b22-d46c-46e9-98dc-3eb226ea78a1,t244_20200622-162619_3
t144_1592823784284_6,49XL-g9Uj,a2164e1a-b477-11ea-94cc-0242ac110002,bc3646df-45a4-45a5-8d30-33f3b9c0c43c,t244_20200622-162619_6
t144_1592823788140_2,oZ2E-4yb6,28ed9d17-b477-11ea-94cc-0242ac110002,80f70046-6fe0-47d5-8b53-ebd5c68c8185,t244_20200622-162619_2
t144_1592823788124_1,z7bn-L362,0db4ec61-b477-11ea-840b-0242ac110002,7139012c-ae9d-4d8d-808a-98216d55ea96,t244_20200622-162619_1
t144_1592823790040_5,N87r-zp98,84373626-b477-11ea-94cc-0242ac110002,e06d3701-c0db-4df4-a7e0-66c8b29247b1,t244_20200622-162619_5
t144_1592823792531_8,rTC2-Wq4b,dcad6437-b477-11ea-94cc-0242ac110002,68267a24-bac3-46d0-9aad-3ef94cad9dc9,t244_20200622-162619_8
t144_1592823815777_4,qKQG-T8N7,68b7b868-b477-11ea-94cc-0242ac110002,bafe1f11-c1b5-4c31-a04b-246b506029b7,t244_20200622-162619_4
t144_1592823814296_8,rTC2-Wq4b,dcad6437-b477-11ea-94cc-0242ac110002,c1c74c6d-25fa-4586-b100-c63a7575c813,t244_20200622-162619_8
t144_1592823813099_5,N87r-zp98,84373626-b477-11ea-94cc-0242ac110002,ab834b84-7f6c-4b42-85a3-57022e99ae9e,t244_20200622-162619_5
t144_1592823822610_9,Q3hZ-Vwt9,fcfb3239-b477-11ea-94cc-0242ac110002,b97ce810-053d-4c14-b895-50848a211acd,t244_20200622-162619_9
t144_1592823823613_7,sc6a-Eg9R,c13b7a89-b477-11ea-840b-0242ac110002,c163dd45-48fd-42f8-b1b3-55cd104bf57f,t244_20200622-162619_7
t144_1592823828486_6,49XL-g9Uj,a2164e1a-b477-11ea-94cc-0242ac110002,1bfd99d5-0ca7-4b43-a3c6-b3f8135ce024,t244_20200622-162619_6
t144_1592823829795_3,cMpk-6uRw,4a6f0885-b477-11ea-94cc-0242ac110002,c193a7bb-defd-41cf-8e53-3d02fa089e71,t244_20200622-162619_3
t144_1592823828487_2,oZ2E-4yb6,28ed9d17-b477-11ea-94cc-0242ac110002,03446944-e231-4f2a-8079-8b4b52155186,t244_20200622-162619_2
t144_1592823835718_4,qKQG-T8N7,68b7b868-b477-11ea-94cc-0242ac110002,c33a68a0-34a3-413f-ac7f-f4e96662ee39,t244_20200622-162619_4
t144_1592823833267_1,z7bn-L362,0db4ec61-b477-11ea-840b-0242ac110002,4d1f24dc-7c4f-404e-825e-27dd128876a8,t244_20200622-162619_1
t144_1592823836778_5,N87r-zp98,84373626-b477-11ea-94cc-0242ac110002,0a83b4a0-dbce-4890-967a-a8a733ceabc1,t244_20200622-162619_5
t144_1592823836492_8,rTC2-Wq4b,dcad6437-b477-11ea-94cc-0242ac110002,2eadbd58-51cd-4e8d-94ee-e894928e0eaa,t244_20200622-162619_8
t144_1592823850102_6,49XL-g9Uj,a2164e1a-b477-11ea-94cc-0242ac110002,6e21a7b0-119e-4fdd-8d73-f141ca1ec288,t244_20200622-162619_6
t144_1592823850291_3,cMpk-6uRw,4a6f0885-b477-11ea-94cc-0242ac110002,fd8c2fc8-73c0-4d2a-b4c6-825adb8ff827,t244_20200622-162619_3
t144_1592823845257_9,Q3hZ-Vwt9,fcfb3239-b477-11ea-94cc-0242ac110002,1217c7d1-7db6-4ecc-8cbb-33750c6250eb,t244_20200622-162619_9
t144_1592823849110_7,sc6a-Eg9R,c13b7a89-b477-11ea-840b-0242ac110002,b4126945-cf66-459d-87b4-d84186fafeac,t244_20200622-162619_7
t144_1592823854727_2,oZ2E-4yb6,28ed9d17-b477-11ea-94cc-0242ac110002,78e81607-3e9a-41d8-906e-3ecdb607be12,t244_20200622-162619_2
t144_1592823859321_1,z7bn-L362,0db4ec61-b477-11ea-840b-0242ac110002,dcf99447-d387-46b4-8daf-c0e1994640eb,t244_20200622-162619_1
t144_1592823858839_4,qKQG-T8N7,68b7b868-b477-11ea-94cc-0242ac110002,47555733-165c-4ec6-b738-9f541c482f99,t244_20200622-162619_4
t144_1592823861308_5,N87r-zp98,84373626-b477-11ea-94cc-0242ac110002,b0b1a145-4ac6-45ae-97f9-a884241b217b,t244_20200622-162619_5
t144_1592823861675_8,rTC2-Wq4b,dcad6437-b477-11ea-94cc-0242ac110002,ae5418b1-20d8-44b3-a0d3-5ba06b2f973a,t244_20200622-162619_8
t144_1592823869096_6,49XL-g9Uj,a2164e1a-b477-11ea-94cc-0242ac110002,0c032015-3f30-413e-b55c-21c06c09df33,t244_20200622-162619_6
t144_1592823871537_9,Q3hZ-Vwt9,fcfb3239-b477-11ea-94cc-0242ac110002,bce61ee1-8376-4b9b-984a-e13e5b57bf95,t244_20200622-162619_9
t144_1592823870351_3,cMpk-6uRw,4a6f0885-b477-11ea-94cc-0242ac110002,10420294-b26b-4b4e-acaf-f5ad58411498,t244_20200622-162619_3
t144_1592823874016_10,69Ca-Z4pF,186c7e28-b478-11ea-840b-0242ac110002,21138098-daeb-41af-a317-f1bdc6d83929,t244_20200622-162619_10
t144_1592823879232_2,oZ2E-4yb6,28ed9d17-b477-11ea-94cc-0242ac110002,26130e7e-504a-44a6-8268-0591136e332a,t244_20200622-162619_2
t144_1592823875425_7,sc6a-Eg9R,c13b7a89-b477-11ea-840b-0242ac110002,3a68375e-32d0-4b5a-a982-0989c84ed658,t244_20200622-162619_7
t144_1592823882596_4,qKQG-T8N7,68b7b868-b477-11ea-94cc-0242ac110002,abc8ccfc-228b-4042-9d6b-2cf798d01a0a,t244_20200622-162619_4
t144_1592823882981_5,N87r-zp98,84373626-b477-11ea-94cc-0242ac110002,8f690576-4dfc-467d-8239-f704ce3ea93a,t244_20200622-162619_5
t144_1592823887859_8,rTC2-Wq4b,dcad6437-b477-11ea-94cc-0242ac110002,47f2ca9e-b22f-4916-baaa-49577073e12b,t244_20200622-162619_8
t144_1592823888341_6,49XL-g9Uj,a2164e1a-b477-11ea-94cc-0242ac110002,f9d46c6e-4767-44ef-99a2-ac6aee13afc7,t244_20200622-162619_6
t144_1592823894935_9,Q3hZ-Vwt9,fcfb3239-b477-11ea-94cc-0242ac110002,34a1771e-b8e0-425e-92d7-260e3f20def9,t244_20200622-162619_9
t144_1592823902290_7,sc6a-Eg9R,c13b7a89-b477-11ea-840b-0242ac110002,ae091a82-4581-4b0c-8b76-b815ec201b27,t244_20200622-162619_7
t144_1592823897915_3,cMpk-6uRw,4a6f0885-b477-11ea-94cc-0242ac110002,743eadf4-2098-456e-8bc2-9196f083abd0,t244_20200622-162619_3
t144_1592823901660_2,oZ2E-4yb6,28ed9d17-b477-11ea-94cc-0242ac110002,ea0892b2-a998-4c9f-84bc-09d4dfc42e63,t244_20200622-162619_2
t144_1592823899122_10,69Ca-Z4pF,186c7e28-b478-11ea-840b-0242ac110002,925e2241-33cb-4cb5-a23d-3c7f46d0ceea,t244_20200622-162619_10
t144_1592823904436_4,qKQG-T8N7,68b7b868-b477-11ea-94cc-0242ac110002,d9c9931e-12bf-4ea6-b68d-a1b679326d60,t244_20200622-162619_4
t144_1592823908191_5,N87r-zp98,84373626-b477-11ea-94cc-0242ac110002,aa2ccdcd-65d4-4cff-affd-27020c72fe00,t244_20200622-162619_5
t144_1592823909875_8,rTC2-Wq4b,dcad6437-b477-11ea-94cc-0242ac110002,31e7bdc3-cd77-4cb4-abce-e35bcc32545f,t244_20200622-162619_8
t144_1592823911625_6,49XL-g9Uj,a2164e1a-b477-11ea-94cc-0242ac110002,9462297e-e37f-4717-9b12-94867e05bbbb,t244_20200622-162619_6
t144_1592823921987_3,cMpk-6uRw,4a6f0885-b477-11ea-94cc-0242ac110002,137c1cea-30f2-4c1b-aaf6-fb5ea55acbcf,t244_20200622-162619_3
t144_1592823923879_10,69Ca-Z4pF,186c7e28-b478-11ea-840b-0242ac110002,1065f935-f52d-4498-965d-9bbd9d85a241,t244_20200622-162619_10
t144_1592823924273_4,qKQG-T8N7,68b7b868-b477-11ea-94cc-0242ac110002,5fbab15c-348e-4204-b958-8539dee093df,t244_20200622-162619_4
t144_1592823921854_7,sc6a-Eg9R,c13b7a89-b477-11ea-840b-0242ac110002,3dec748d-44e6-4625-9354-01a911b8d463,t244_20200622-162619_7
t144_1592823920916_9,Q3hZ-Vwt9,fcfb3239-b477-11ea-94cc-0242ac110002,80e451f2-23ae-44de-b7c6-f4ecbce198ab,t244_20200622-162619_9
t144_1592823930048_5,N87r-zp98,84373626-b477-11ea-94cc-0242ac110002,488bea81-8cab-451b-b4ba-de5d7f392a41,t244_20200622-162619_5
t144_1592823930614_8,rTC2-Wq4b,dcad6437-b477-11ea-94cc-0242ac110002,cf6c1df5-bb1a-40b9-847e-d5d3a1122390,t244_20200622-162619_8
t144_1592823941618_3,cMpk-6uRw,4a6f0885-b477-11ea-94cc-0242ac110002,7f18ae52-35e0-464c-90bc-81e1db5b7977,t244_20200622-162619_3
t144_1592823939900_6,49XL-g9Uj,a2164e1a-b477-11ea-94cc-0242ac110002,b71a4937-821a-45c9-b52c-866f7628f00d,t244_20200622-162619_6
t144_1592823946143_4,qKQG-T8N7,68b7b868-b477-11ea-94cc-0242ac110002,fe757c53-7485-475c-a5c7-5159ba6ac6ba,t244_20200622-162619_4
t144_1592823946498_7,sc6a-Eg9R,c13b7a89-b477-11ea-840b-0242ac110002,ccff644c-f1de-4572-888f-48fbe953108d,t244_20200622-162619_7
t144_1592823945093_10,69Ca-Z4pF,186c7e28-b478-11ea-840b-0242ac110002,a8d25aaa-14ba-4250-abab-d7d83aacc0cc,t244_20200622-162619_10
t144_1592823953920_8,rTC2-Wq4b,dcad6437-b477-11ea-94cc-0242ac110002,cac695a6-67b7-4dfb-ac33-c919cadab3dd,t244_20200622-162619_8
t144_1592823948206_9,Q3hZ-Vwt9,fcfb3239-b477-11ea-94cc-0242ac110002,ff44aa27-e5c0-41ed-b582-2d6b1dda3c47,t244_20200622-162619_9
t144_1592823953860_5,N87r-zp98,84373626-b477-11ea-94cc-0242ac110002,5027138d-a354-4ccc-a44e-4c0210fcbecd,t244_20200622-162619_5
t144_1592823965441_6,49XL-g9Uj,a2164e1a-b477-11ea-94cc-0242ac110002,abe61b0f-c4de-4607-a9d5-bfd906ae57b1,t244_20200622-162619_6
t144_1592823963826_3,cMpk-6uRw,4a6f0885-b477-11ea-94cc-0242ac110002,d53df00e-823b-499f-a22f-f602dd84daf1,t244_20200622-162619_3
t144_1592823968871_4,qKQG-T8N7,68b7b868-b477-11ea-94cc-0242ac110002,5bd6a582-8617-4943-b029-3b4013c3a4fe,t244_20200622-162619_4
t144_1592823969923_10,69Ca-Z4pF,186c7e28-b478-11ea-840b-0242ac110002,26808554-df1b-4723-adb1-fd82ad1167ac,t244_20200622-162619_10
t144_1592823969367_7,sc6a-Eg9R,c13b7a89-b477-11ea-840b-0242ac110002,8468adb0-a3cc-4e9c-a5db-721e644bc195,t244_20200622-162619_7
t144_1592823973635_8,rTC2-Wq4b,dcad6437-b477-11ea-94cc-0242ac110002,ff934a92-da3a-4c66-893c-4b3d89c11118,t244_20200622-162619_8
t144_1592823974580_9,Q3hZ-Vwt9,fcfb3239-b477-11ea-94cc-0242ac110002,35d3bb49-0afe-4dad-ae50-4ef1b6bae230,t244_20200622-162619_9
t144_1592823979629_5,N87r-zp98,84373626-b477-11ea-94cc-0242ac110002,e7fbdfe1-2698-4a5a-9104-d26f73988e71,t244_20200622-162619_5
t144_1592823990612_6,49XL-g9Uj,a2164e1a-b477-11ea-94cc-0242ac110002,f181fb8b-6f33-4c36-8936-dc63fb5dbe55,t244_20200622-162619_6
t144_1592823996459_8,rTC2-Wq4b,dcad6437-b477-11ea-94cc-0242ac110002,9b144226-e26b-4346-8f7a-d5cd839ddad1,t244_20200622-162619_8
t144_1592823991907_4,qKQG-T8N7,68b7b868-b477-11ea-94cc-0242ac110002,ad2ba469-8281-4ebf-a308-0263abd650c7,t244_20200622-162619_4
t144_1592824000191_9,Q3hZ-Vwt9,fcfb3239-b477-11ea-94cc-0242ac110002,20391fe4-2901-4327-88ec-11955accfd70,t244_20200622-162619_9
t144_1592823993168_10,69Ca-Z4pF,186c7e28-b478-11ea-840b-0242ac110002,2b13df2c-f1e4-4d86-9a79-447811f0b427,t244_20200622-162619_10
t144_1592824000779_5,N87r-zp98,84373626-b477-11ea-94cc-0242ac110002,c3b1fdec-7cc5-47d5-a902-975cbb0f34ba,t244_20200622-162619_5
t144_1592823993254_7,sc6a-Eg9R,c13b7a89-b477-11ea-840b-0242ac110002,698ca7b6-a43c-436c-a155-e2378577b274,t244_20200622-162619_7
t144_1592824016598_8,rTC2-Wq4b,dcad6437-b477-11ea-94cc-0242ac110002,6bd6fd6f-1d7f-449b-a61e-eeab497e15ef,t244_20200622-162619_8
t144_1592824013216_6,49XL-g9Uj,a2164e1a-b477-11ea-94cc-0242ac110002,1446b8bd-c9d4-4810-9fe0-06fafc8fee96,t244_20200622-162619_6
t144_1592824019775_7,sc6a-Eg9R,c13b7a89-b477-11ea-840b-0242ac110002,30eb9849-d86b-43b4-aa1d-18e665571ac6,t244_20200622-162619_7
t144_1592824017873_4,qKQG-T8N7,68b7b868-b477-11ea-94cc-0242ac110002,b994b66f-c3d2-479d-a9ad-bc4eb78b120b,t244_20200622-162619_4
t144_1592824019189_5,N87r-zp98,84373626-b477-11ea-94cc-0242ac110002,06ab0c72-266a-49fd-9c49-daba5dfd8a47,t244_20200622-162619_5
t144_1592824018307_9,Q3hZ-Vwt9,fcfb3239-b477-11ea-94cc-0242ac110002,613bae07-dbf4-4f12-8652-886b57fc56c4,t244_20200622-162619_9
t144_1592824018805_10,69Ca-Z4pF,186c7e28-b478-11ea-840b-0242ac110002,68a6a72a-83bd-418e-8ec0-560fc109d89a,t244_20200622-162619_10
t144_1592824036602_8,rTC2-Wq4b,dcad6437-b477-11ea-94cc-0242ac110002,2a6d1d28-11f4-4513-a5d2-2bd2511e719c,t244_20200622-162619_8
t144_1592824042553_5,N87r-zp98,84373626-b477-11ea-94cc-0242ac110002,7bfe1cb4-ef5c-4ec1-a06b-961f65d1b644,t244_20200622-162619_5
t144_1592824040374_7,sc6a-Eg9R,c13b7a89-b477-11ea-840b-0242ac110002,ce85375f-1c19-4faa-b6a6-7f25e655fedf,t244_20200622-162619_7
t144_1592824036728_6,49XL-g9Uj,a2164e1a-b477-11ea-94cc-0242ac110002,8a1399ab-ede8-4499-ad15-98aa69de2f4f,t244_20200622-162619_6
t144_1592824042852_9,Q3hZ-Vwt9,fcfb3239-b477-11ea-94cc-0242ac110002,7e3feb69-9667-4b40-bd53-248bc59771fe,t244_20200622-162619_9
t144_1592824044028_10,69Ca-Z4pF,186c7e28-b478-11ea-840b-0242ac110002,d6c49914-7146-4a5f-aad6-aebddb48c6ef,t244_20200622-162619_10
t144_1592824059317_8,rTC2-Wq4b,dcad6437-b477-11ea-94cc-0242ac110002,b0ab6a78-025f-4e89-a66f-9b36b1acc9f4,t244_20200622-162619_8
t144_1592824064606_6,49XL-g9Uj,a2164e1a-b477-11ea-94cc-0242ac110002,d1f2ee35-8cec-4ac8-978b-1e82e8d52bc2,t244_20200622-162619_6
t144_1592824064072_7,sc6a-Eg9R,c13b7a89-b477-11ea-840b-0242ac110002,45bbc4a8-9163-4ac8-a85b-ee28415942bc,t244_20200622-162619_7
t144_1592824062739_5,N87r-zp98,84373626-b477-11ea-94cc-0242ac110002,0062bc67-01ea-4f8c-84e6-ff63e377cd24,t244_20200622-162619_5
t144_1592824067432_9,Q3hZ-Vwt9,fcfb3239-b477-11ea-94cc-0242ac110002,5818f609-003e-49c5-8478-4bda1c5af03e,t244_20200622-162619_9
t144_1592824070263_10,69Ca-Z4pF,186c7e28-b478-11ea-840b-0242ac110002,273d3ab8-19e8-4618-96be-75885ce8d046,t244_20200622-162619_10
t144_1592824086095_7,sc6a-Eg9R,c13b7a89-b477-11ea-840b-0242ac110002,dbb894d4-708a-4c95-916a-b7c99ea66867,t244_20200622-162619_7
t144_1592824084017_8,rTC2-Wq4b,dcad6437-b477-11ea-94cc-0242ac110002,18cdc196-8863-4633-a2b5-f059ec9fa67e,t244_20200622-162619_8
t144_1592824085990_6,49XL-g9Uj,a2164e1a-b477-11ea-94cc-0242ac110002,714e9c3c-4fda-4e63-b9dd-55263bc07c47,t244_20200622-162619_6
t144_1592824090372_9,Q3hZ-Vwt9,fcfb3239-b477-11ea-94cc-0242ac110002,bb5345cc-e49e-4730-becc-062564c629c6,t244_20200622-162619_9
t144_1592824091861_10,69Ca-Z4pF,186c7e28-b478-11ea-840b-0242ac110002,f82ee0e8-78a3-40c0-8a9c-908703dd27f4,t244_20200622-162619_10
t144_1592824112014_8,rTC2-Wq4b,dcad6437-b477-11ea-94cc-0242ac110002,738e9255-5ba5-407a-a8f3-1ec41cc37fc7,t244_20200622-162619_8
t144_1592824111771_7,sc6a-Eg9R,c13b7a89-b477-11ea-840b-0242ac110002,3646fcac-c3ff-4e9f-884c-ecf79cec847e,t244_20200622-162619_7
t144_1592824115352_9,Q3hZ-Vwt9,fcfb3239-b477-11ea-94cc-0242ac110002,7cd915ab-344a-4bb4-b770-4bd50a8e8dbf,t244_20200622-162619_9
t144_1592824112651_6,49XL-g9Uj,a2164e1a-b477-11ea-94cc-0242ac110002,a4a224de-d2e3-4378-a1c1-9b199ff8e976,t244_20200622-162619_6
t144_1592824116167_10,69Ca-Z4pF,186c7e28-b478-11ea-840b-0242ac110002,8426668a-a608-4a4b-9059-672ce04b5953,t244_20200622-162619_10
t144_1592824130585_8,rTC2-Wq4b,dcad6437-b477-11ea-94cc-0242ac110002,099e22e1-705c-4b57-b1f8-8599d4659708,t244_20200622-162619_8
t144_1592824138590_7,sc6a-Eg9R,c13b7a89-b477-11ea-840b-0242ac110002,ef2e53dd-dc84-4f3d-8445-8522756e456a,t244_20200622-162619_7
t144_1592824144213_10,69Ca-Z4pF,186c7e28-b478-11ea-840b-0242ac110002,9b6b135e-80d0-4bd2-8fa6-36067163c0ff,t244_20200622-162619_10
t144_1592824139823_9,Q3hZ-Vwt9,fcfb3239-b477-11ea-94cc-0242ac110002,0f8d972f-a148-47b4-ba8c-14bb4e11eb1b,t244_20200622-162619_9
t144_1592824154553_8,rTC2-Wq4b,dcad6437-b477-11ea-94cc-0242ac110002,1f7f1a2c-425d-4fca-a025-245b89532902,t244_20200622-162619_8
t144_1592824160499_7,sc6a-Eg9R,c13b7a89-b477-11ea-840b-0242ac110002,c16a0941-d6b0-48b9-9fbd-9dc1ba0ab343,t244_20200622-162619_7
t144_1592824164772_10,69Ca-Z4pF,186c7e28-b478-11ea-840b-0242ac110002,d8083305-cb1f-48c3-9842-e78f3a7ba1e4,t244_20200622-162619_10
t144_1592824166780_9,Q3hZ-Vwt9,fcfb3239-b477-11ea-94cc-0242ac110002,3da3accc-4535-4987-9464-011b799b5904,t244_20200622-162619_9
t144_1592824184102_7,sc6a-Eg9R,c13b7a89-b477-11ea-840b-0242ac110002,40206c9d-7d08-47ae-94a8-2fcdfc317b60,t244_20200622-162619_7
t144_1592824180905_8,rTC2-Wq4b,dcad6437-b477-11ea-94cc-0242ac110002,ffe51f73-6f4b-4edd-9a61-b4c9e54ee817,t244_20200622-162619_8
t144_1592824188726_10,69Ca-Z4pF,186c7e28-b478-11ea-840b-0242ac110002,d86f5c3c-5201-47ca-ad21-1850d801209b,t244_20200622-162619_10
t144_1592824193757_9,Q3hZ-Vwt9,fcfb3239-b477-11ea-94cc-0242ac110002,0ed93bdf-8b79-4904-a998-7a3c05260472,t244_20200622-162619_9
t144_1592824207654_8,rTC2-Wq4b,dcad6437-b477-11ea-94cc-0242ac110002,ee288b9e-f088-4785-8193-19f014dd8e38,t244_20200622-162619_8
t144_1592824213163_10,69Ca-Z4pF,186c7e28-b478-11ea-840b-0242ac110002,38d62aa0-8938-4681-a9ee-5c41ed36b404,t244_20200622-162619_10
t144_1592824218180_9,Q3hZ-Vwt9,fcfb3239-b477-11ea-94cc-0242ac110002,9ec33c1c-42b5-4c72-9ae5-a5d980c9a51e,t244_20200622-162619_9
t144_1592824236361_10,69Ca-Z4pF,186c7e28-b478-11ea-840b-0242ac110002,0b88fd7f-fa69-40d0-87f9-81cccb3d2f10,t244_20200622-162619_10
t144_1592824242622_9,Q3hZ-Vwt9,fcfb3239-b477-11ea-94cc-0242ac110002,4db45fc5-71ee-48bd-951a-b4093a9b8620,t244_20200622-162619_9
t144_1592824259386_10,69Ca-Z4pF,186c7e28-b478-11ea-840b-0242ac110002,af3e4def-a962-4da6-a1a9-76bdce5d754c,t244_20200622-162619_10
t144_1592824267423_9,Q3hZ-Vwt9,fcfb3239-b477-11ea-94cc-0242ac110002,9d669595-6eda-4ba9-a42b-809c6324caf9,t244_20200622-162619_9
t144_1592824281813_10,69Ca-Z4pF,186c7e28-b478-11ea-840b-0242ac110002,0ac78fa9-8166-4e0a-a20d-02b9c0451a1b,t244_20200622-162619_10
t144_1592824286993_9,Q3hZ-Vwt9,fcfb3239-b477-11ea-94cc-0242ac110002,b87fbb01-96f1-4913-bb47-93271f011a18,t244_20200622-162619_9
t144_1592824304096_10,69Ca-Z4pF,186c7e28-b478-11ea-840b-0242ac110002,25c4062b-a167-46e6-accb-aa1f194474ca,t244_20200622-162619_10
t144_1592824326185_10,69Ca-Z4pF,186c7e28-b478-11ea-840b-0242ac110002,ea513f16-2b43-4fb4-8c79-c9820f29ff41,t244_20200622-162619_10
t144_1592824851591_1,6Ue8-NeiC,6372d08f-b47a-11ea-94cc-0242ac110002,b8a9d5ae-9e9e-439d-bfbb-d037a41a4a55,t244_20200622-165017_1
t144_1592824874891_1,6Ue8-NeiC,6372d08f-b47a-11ea-94cc-0242ac110002,187225bf-3342-40b1-b00f-94785c53c688,t244_20200622-165017_1
t144_1592824894619_1,6Ue8-NeiC,6372d08f-b47a-11ea-94cc-0242ac110002,a6627099-03e8-4185-afd9-355893a4dd85,t244_20200622-165017_1
t144_1592824905907_2,yMJw-oaro,81e24263-b47a-11ea-840b-0242ac110002,0ed3e82b-d8be-48ed-879d-54507f8ff9fc,t244_20200622-165017_2
t144_1592824918102_1,6Ue8-NeiC,6372d08f-b47a-11ea-94cc-0242ac110002,32bb0859-fb87-4a08-8bb8-8ab6eedbee85,t244_20200622-165017_1
t144_1592824929864_2,yMJw-oaro,81e24263-b47a-11ea-840b-0242ac110002,76a95583-8436-406a-ba0f-b905c7789df1,t244_20200622-165017_2
t144_1592824942947_1,6Ue8-NeiC,6372d08f-b47a-11ea-94cc-0242ac110002,60971a4e-9689-4e5b-8d7d-9fa897210151,t244_20200622-165017_1
t144_1592824956147_2,yMJw-oaro,81e24263-b47a-11ea-840b-0242ac110002,e2d6cb22-ec19-4c9f-9f22-9cc4eb5ad7d3,t244_20200622-165017_2
t144_1592824959374_3,TD3Z-Roeb,9e8cf8d3-b47a-11ea-840b-0242ac110002,d41fa0fd-f4ef-416d-ac1f-456d65e68b21,t244_20200622-165017_3
t144_1592824962492_1,6Ue8-NeiC,6372d08f-b47a-11ea-94cc-0242ac110002,9c615210-21a2-4538-ab33-45cab8ae38d0,t244_20200622-165017_1
t144_1592824982054_2,yMJw-oaro,81e24263-b47a-11ea-840b-0242ac110002,a5e6a062-769a-4d98-9063-6c6321431899,t244_20200622-165017_2
t144_1592824986101_1,6Ue8-NeiC,6372d08f-b47a-11ea-94cc-0242ac110002,b9bb4460-ccbf-4ded-9d5d-7d84e4a00292,t244_20200622-165017_1
t144_1592824985703_3,TD3Z-Roeb,9e8cf8d3-b47a-11ea-840b-0242ac110002,92f2e0e1-330e-479d-900b-9e769465afa6,t244_20200622-165017_3
t144_1592825003744_2,yMJw-oaro,81e24263-b47a-11ea-840b-0242ac110002,39a236bc-eaa4-4111-ab2e-b4fad1f6c3e3,t244_20200622-165017_2
t144_1592825009494_1,6Ue8-NeiC,6372d08f-b47a-11ea-94cc-0242ac110002,a4fb07b8-2f7d-40a4-a8e5-c28d5bd266e3,t244_20200622-165017_1
t144_1592825010073_3,TD3Z-Roeb,9e8cf8d3-b47a-11ea-840b-0242ac110002,54d4b754-7020-4da7-9221-02b4d22b3192,t244_20200622-165017_3
t144_1592825009954_4,47Mp-293V,bca41193-b47a-11ea-840b-0242ac110002,90bcb724-5529-4571-a6bc-1aeb8af1f891,t244_20200622-165017_4
t144_1592825030179_2,yMJw-oaro,81e24263-b47a-11ea-840b-0242ac110002,c09569a4-b0ab-4654-95d8-8710e36829c4,t244_20200622-165017_2
t144_1592825034335_3,TD3Z-Roeb,9e8cf8d3-b47a-11ea-840b-0242ac110002,77fbad1d-e2f3-478a-838a-74e9e96c6c25,t244_20200622-165017_3
t144_1592825030980_1,6Ue8-NeiC,6372d08f-b47a-11ea-94cc-0242ac110002,d71a78d5-b0ee-42b1-8c83-a27c4734e288,t244_20200622-165017_1
t144_1592825035371_4,47Mp-293V,bca41193-b47a-11ea-840b-0242ac110002,9d066e01-c24d-4c29-96f3-bec64ae79c1e,t244_20200622-165017_4
t144_1592825050239_2,yMJw-oaro,81e24263-b47a-11ea-840b-0242ac110002,233e5d6b-12e3-4350-bd50-887b44a3751a,t244_20200622-165017_2
t144_1592825053568_3,TD3Z-Roeb,9e8cf8d3-b47a-11ea-840b-0242ac110002,e6ca83f6-a0fa-4353-b590-2a48dcb094e1,t244_20200622-165017_3
t144_1592825057551_5,xtrg-wfBe,dea115f5-b47a-11ea-840b-0242ac110002,901d4fa4-e30d-45a0-bfe2-b5447e77a1d1,t244_20200622-165017_5
t144_1592825055129_1,6Ue8-NeiC,6372d08f-b47a-11ea-94cc-0242ac110002,00134547-a6d9-4a3e-9cfb-51e75aba452f,t244_20200622-165017_1
t144_1592825060962_4,47Mp-293V,bca41193-b47a-11ea-840b-0242ac110002,1afb117c-1f69-4be9-8729-fd7a98df599e,t244_20200622-165017_4
t144_1592825068638_2,yMJw-oaro,81e24263-b47a-11ea-840b-0242ac110002,bf3849f5-ec30-4cca-8618-14d68aa08c20,t244_20200622-165017_2
t144_1592825077578_3,TD3Z-Roeb,9e8cf8d3-b47a-11ea-840b-0242ac110002,d382e7ca-2319-4ccf-989d-89068456df56,t244_20200622-165017_3
t144_1592825079087_1,6Ue8-NeiC,6372d08f-b47a-11ea-94cc-0242ac110002,cbc488cd-af1c-4443-8834-e5510c5922c1,t244_20200622-165017_1
t144_1592825078429_5,xtrg-wfBe,dea115f5-b47a-11ea-840b-0242ac110002,0f7d365f-bf6c-4594-a41e-7d4e0f2381bb,t244_20200622-165017_5
t144_1592825083250_4,47Mp-293V,bca41193-b47a-11ea-840b-0242ac110002,2aabf7d1-7027-4923-8c54-e9b616ca3bb5,t244_20200622-165017_4
t144_1592825090206_2,yMJw-oaro,81e24263-b47a-11ea-840b-0242ac110002,83233237-0e76-4ef4-8c15-fd29a1886b3e,t244_20200622-165017_2
t144_1592825096999_3,TD3Z-Roeb,9e8cf8d3-b47a-11ea-840b-0242ac110002,9cd63580-345d-46b6-bd37-225ee1a4f6db,t244_20200622-165017_3
t144_1592825102206_5,xtrg-wfBe,dea115f5-b47a-11ea-840b-0242ac110002,c6cb87e6-6173-41c0-b20e-9628608b2a7b,t244_20200622-165017_5
t144_1592825098790_1,6Ue8-NeiC,6372d08f-b47a-11ea-94cc-0242ac110002,3fd8336b-0d83-4176-8fd5-4900b9712f45,t244_20200622-165017_1
t144_1592825102268_4,47Mp-293V,bca41193-b47a-11ea-840b-0242ac110002,7875b42b-822b-427e-9543-df0ab73e3a6e,t244_20200622-165017_4
t144_1592825103879_6,HQq7-Ew73,f8df6160-b47a-11ea-94cc-0242ac110002,e6d91f8f-d0b5-49ee-af64-6a82394d31bf,t244_20200622-165017_6
t144_1592825114105_2,yMJw-oaro,81e24263-b47a-11ea-840b-0242ac110002,da352bb1-7243-4596-aa80-ebe4214cb4ec,t244_20200622-165017_2
t144_1592825123769_1,6Ue8-NeiC,6372d08f-b47a-11ea-94cc-0242ac110002,489af1c3-2c83-402b-a7a1-06d59222d6e0,t244_20200622-165017_1
t144_1592825119010_3,TD3Z-Roeb,9e8cf8d3-b47a-11ea-840b-0242ac110002,8f709482-d24e-4b1d-9b10-bfd272ccade8,t244_20200622-165017_3
t144_1592825122461_5,xtrg-wfBe,dea115f5-b47a-11ea-840b-0242ac110002,abd404a0-7e9f-4062-b5f0-5c03b087a754,t244_20200622-165017_5
t144_1592825128452_4,47Mp-293V,bca41193-b47a-11ea-840b-0242ac110002,a022bce3-29a6-4aaa-88ae-125d4c258f1f,t244_20200622-165017_4
t144_1592825128911_6,HQq7-Ew73,f8df6160-b47a-11ea-94cc-0242ac110002,9a026305-0f5d-4e16-b5f1-2c24ae44b886,t244_20200622-165017_6
t144_1592825142481_1,6Ue8-NeiC,6372d08f-b47a-11ea-94cc-0242ac110002,0ff1a3be-2882-465c-9bee-37a90ed21ef2,t244_20200622-165017_1
t144_1592825144613_3,TD3Z-Roeb,9e8cf8d3-b47a-11ea-840b-0242ac110002,5ff1c127-bc24-473c-9986-e9cb6aabf803,t244_20200622-165017_3
t144_1592825141804_2,yMJw-oaro,81e24263-b47a-11ea-840b-0242ac110002,de925db1-6ed4-4abc-ab08-031df916c8b8,t244_20200622-165017_2
t144_1592825144841_5,xtrg-wfBe,dea115f5-b47a-11ea-840b-0242ac110002,6d6de864-6fd5-4e4c-ac6b-dbf626911c5d,t244_20200622-165017_5
t144_1592825152266_6,HQq7-Ew73,f8df6160-b47a-11ea-94cc-0242ac110002,bf0d83e3-220a-4fec-be06-00c4f4231e28,t244_20200622-165017_6
t144_1592825151063_4,47Mp-293V,bca41193-b47a-11ea-840b-0242ac110002,b95348ea-6ba3-43aa-9e28-0a728141cf8b,t244_20200622-165017_4
t144_1592825159139_7,zare-2U79,1a13befa-b47b-11ea-840b-0242ac110002,a6023453-d68b-4181-9af0-6c6934f6f449,t244_20200622-165017_7
t144_1592825167457_3,TD3Z-Roeb,9e8cf8d3-b47a-11ea-840b-0242ac110002,aa71fbb4-ff00-434c-8165-32ffefbeef8f,t244_20200622-165017_3
t144_1592825168790_2,yMJw-oaro,81e24263-b47a-11ea-840b-0242ac110002,c1e82783-bd34-4b52-a517-e8ef99a0454f,t244_20200622-165017_2
t144_1592825167017_1,6Ue8-NeiC,6372d08f-b47a-11ea-94cc-0242ac110002,fb53b877-8e78-48ea-a4cd-8b4bd04d5966,t244_20200622-165017_1
t144_1592825169344_5,xtrg-wfBe,dea115f5-b47a-11ea-840b-0242ac110002,863e0940-f6e9-42fd-a3fa-2111504c2c9f,t244_20200622-165017_5
t144_1592825171814_6,HQq7-Ew73,f8df6160-b47a-11ea-94cc-0242ac110002,e7ce503a-e3f4-4c28-b2f9-d6b8a2f24785,t244_20200622-165017_6
t144_1592825176927_4,47Mp-293V,bca41193-b47a-11ea-840b-0242ac110002,2ef3c90c-597e-404d-b977-ec9968f428ab,t244_20200622-165017_4
t144_1592825182154_7,zare-2U79,1a13befa-b47b-11ea-840b-0242ac110002,c432fc23-ce53-473b-aa22-86c25f4a2097,t244_20200622-165017_7
t144_1592825188637_3,TD3Z-Roeb,9e8cf8d3-b47a-11ea-840b-0242ac110002,de52f7fa-5fee-4d61-bc5c-652e7771c8a1,t244_20200622-165017_3
t144_1592825189218_2,yMJw-oaro,81e24263-b47a-11ea-840b-0242ac110002,1ee24c13-67a3-40de-b45c-00f071aea87c,t244_20200622-165017_2
t144_1592825192255_1,6Ue8-NeiC,6372d08f-b47a-11ea-94cc-0242ac110002,2854e2bb-abba-46e0-b912-917fc9b84a25,t244_20200622-165017_1
t144_1592825197425_6,HQq7-Ew73,f8df6160-b47a-11ea-94cc-0242ac110002,2ce13c17-700a-4b6e-a6a0-447489f3944b,t244_20200622-165017_6
t144_1592825194216_5,xtrg-wfBe,dea115f5-b47a-11ea-840b-0242ac110002,dfadda95-85bc-4cd5-92b6-e20939c60851,t244_20200622-165017_5
t144_1592825208534_7,zare-2U79,1a13befa-b47b-11ea-840b-0242ac110002,a4dba38d-542b-4240-a85e-f7913d6f1433,t244_20200622-165017_7
t144_1592825206152_8,y2zu-9q6G,36ab8966-b47b-11ea-840b-0242ac110002,680ec65c-d600-4989-bce5-935b2752ddb4,t244_20200622-165017_8
t144_1592825203774_4,47Mp-293V,bca41193-b47a-11ea-840b-0242ac110002,54aad4d9-87c2-4a8e-92c4-27d93c15c1dd,t244_20200622-165017_4
t144_1592825210746_3,TD3Z-Roeb,9e8cf8d3-b47a-11ea-840b-0242ac110002,8c054263-1655-46c2-9652-b2050466b332,t244_20200622-165017_3
t144_1592825211861_2,yMJw-oaro,81e24263-b47a-11ea-840b-0242ac110002,7b5fd12c-aff6-48e5-a788-5f91c4f46871,t244_20200622-165017_2
t144_1592825213280_1,6Ue8-NeiC,6372d08f-b47a-11ea-94cc-0242ac110002,0a87da1b-1d10-4f93-a52e-8eb3db91fc2e,t244_20200622-165017_1
t144_1592825217826_6,HQq7-Ew73,f8df6160-b47a-11ea-94cc-0242ac110002,d8a5e197-a600-481e-8a6e-9760a4c83b57,t244_20200622-165017_6
t144_1592825221463_5,xtrg-wfBe,dea115f5-b47a-11ea-840b-0242ac110002,10e19756-93d8-442f-bb59-164c4a7ee633,t244_20200622-165017_5
t144_1592825228039_7,zare-2U79,1a13befa-b47b-11ea-840b-0242ac110002,c14fa15f-763e-4015-abae-c84bb0b869f7,t244_20200622-165017_7
t144_1592825232270_4,47Mp-293V,bca41193-b47a-11ea-840b-0242ac110002,68a0cd88-d693-496a-b939-6deccc3f5ed7,t244_20200622-165017_4
t144_1592825230205_8,y2zu-9q6G,36ab8966-b47b-11ea-840b-0242ac110002,c6621ca5-66c2-40b2-93ee-37674930c401,t244_20200622-165017_8
t144_1592825234570_2,yMJw-oaro,81e24263-b47a-11ea-840b-0242ac110002,f34122b0-0e4b-4875-b6bc-a764ebd73e62,t244_20200622-165017_2
t144_1592825233304_3,TD3Z-Roeb,9e8cf8d3-b47a-11ea-840b-0242ac110002,de2a402f-dfa7-4bdd-86e5-2797dc6780de,t244_20200622-165017_3
t144_1592825237573_1,6Ue8-NeiC,6372d08f-b47a-11ea-94cc-0242ac110002,508bdba6-f906-4108-a5da-c48b19dfd7ae,t244_20200622-165017_1
t144_1592825245260_5,xtrg-wfBe,dea115f5-b47a-11ea-840b-0242ac110002,5d709854-9703-4c52-8b87-49b3b2f28672,t244_20200622-165017_5
t144_1592825241777_6,HQq7-Ew73,f8df6160-b47a-11ea-94cc-0242ac110002,023ce0a5-9a87-4500-9443-28a6f5b02e0e,t244_20200622-165017_6
t144_1592825252418_4,47Mp-293V,bca41193-b47a-11ea-840b-0242ac110002,15d54b4c-ada3-4e3b-95f0-16b7a2e89042,t244_20200622-165017_4
t144_1592825247098_7,zare-2U79,1a13befa-b47b-11ea-840b-0242ac110002,9e68fdff-4476-4df5-90f4-cfce5a2d2b90,t244_20200622-165017_7
t144_1592825255257_8,y2zu-9q6G,36ab8966-b47b-11ea-840b-0242ac110002,49f638e6-69ad-4943-96bc-0def20d2f091,t244_20200622-165017_8
t144_1592825258063_3,TD3Z-Roeb,9e8cf8d3-b47a-11ea-840b-0242ac110002,c0795300-958f-47d0-8cd6-326527b51983,t244_20200622-165017_3
t144_1592825259181_1,6Ue8-NeiC,6372d08f-b47a-11ea-94cc-0242ac110002,4e1453d1-2df1-454f-b47b-3d24ca676170,t244_20200622-165017_1
t144_1592825256543_2,yMJw-oaro,81e24263-b47a-11ea-840b-0242ac110002,730122fe-2085-4dc2-a9a0-2966c3c703d0,t244_20200622-165017_2
t144_1592825267074_5,xtrg-wfBe,dea115f5-b47a-11ea-840b-0242ac110002,637e985c-8293-4f0e-9149-35d7bf460a8a,t244_20200622-165017_5
t144_1592825263450_9,p9ou-fDZP,55115eb0-b47b-11ea-94cc-0242ac110002,b1d23288-a4f6-4552-9eb7-382491a27d98,t244_20200622-165017_9
t144_1592825268453_6,HQq7-Ew73,f8df6160-b47a-11ea-94cc-0242ac110002,f0a03cc0-a4ca-4fa0-8418-5dfa1aa70c28,t244_20200622-165017_6
t144_1592825277811_3,TD3Z-Roeb,9e8cf8d3-b47a-11ea-840b-0242ac110002,00554054-ad57-4dd1-85b6-69219f54fdb0,t244_20200622-165017_3
t144_1592825276588_8,y2zu-9q6G,36ab8966-b47b-11ea-840b-0242ac110002,3b1b831c-c9de-4e9b-9494-4f49cfee7b8b,t244_20200622-165017_8
t144_1592825275195_7,zare-2U79,1a13befa-b47b-11ea-840b-0242ac110002,a575d760-45c7-473f-9be5-914bb81b74dd,t244_20200622-165017_7
t144_1592825278531_1,6Ue8-NeiC,6372d08f-b47a-11ea-94cc-0242ac110002,5a6200ec-9d72-471a-8864-a910db70e53f,t244_20200622-165017_1
t144_1592825274763_4,47Mp-293V,bca41193-b47a-11ea-840b-0242ac110002,285c4aa3-9bb9-4da8-bc32-ea4b8fe7cbae,t244_20200622-165017_4
t144_1592825281922_2,yMJw-oaro,81e24263-b47a-11ea-840b-0242ac110002,75f665ba-6fdf-4617-98a8-c8baf48f72ae,t244_20200622-165017_2
t144_1592825287125_5,xtrg-wfBe,dea115f5-b47a-11ea-840b-0242ac110002,719a016e-bdf5-45b3-b094-16346b2c2da8,t244_20200622-165017_5
t144_1592825289498_9,p9ou-fDZP,55115eb0-b47b-11ea-94cc-0242ac110002,846d94c8-0328-4598-bb9b-4452b6de0cd7,t244_20200622-165017_9
t144_1592825290548_6,HQq7-Ew73,f8df6160-b47a-11ea-94cc-0242ac110002,63d973c6-2d31-4b3f-bef4-9a4195e8e9e2,t244_20200622-165017_6
t144_1592825297244_3,TD3Z-Roeb,9e8cf8d3-b47a-11ea-840b-0242ac110002,37df5737-41a2-46f6-93d0-a2ac838e7bed,t244_20200622-165017_3
t144_1592825297704_8,y2zu-9q6G,36ab8966-b47b-11ea-840b-0242ac110002,bf732b3d-3ee7-4ee6-9f06-a9c1edf8d325,t244_20200622-165017_8
t144_1592825297960_7,zare-2U79,1a13befa-b47b-11ea-840b-0242ac110002,b7539b6b-d452-4b96-8da0-28b97b1cc23e,t244_20200622-165017_7
t144_1592825300351_4,47Mp-293V,bca41193-b47a-11ea-840b-0242ac110002,adf75b3d-6b31-46c7-838d-202376980778,t244_20200622-165017_4
t144_1592825305183_2,yMJw-oaro,81e24263-b47a-11ea-840b-0242ac110002,095a28e3-6e4e-4c03-a181-e88ba7b03642,t244_20200622-165017_2
t144_1592825307874_10,AY4C-T7LP,6fa73f07-b47b-11ea-840b-0242ac110002,09f9196e-7bc8-4e07-bedf-19947ff52d96,t244_20200622-165017_10
t144_1592825309405_5,xtrg-wfBe,dea115f5-b47a-11ea-840b-0242ac110002,5a5cb55a-1294-4d1e-be34-7453b1d7407a,t244_20200622-165017_5
t144_1592825313729_9,p9ou-fDZP,55115eb0-b47b-11ea-94cc-0242ac110002,bf3d5905-c5ca-4e0e-97fa-b6c4c476cc3a,t244_20200622-165017_9
t144_1592825317640_3,TD3Z-Roeb,9e8cf8d3-b47a-11ea-840b-0242ac110002,db4d2860-d491-4921-928c-17a24e2d942c,t244_20200622-165017_3
t144_1592825317320_6,HQq7-Ew73,f8df6160-b47a-11ea-94cc-0242ac110002,2b55e5e6-fea0-43a6-a199-4f351a896176,t244_20200622-165017_6
t144_1592825321165_8,y2zu-9q6G,36ab8966-b47b-11ea-840b-0242ac110002,d9ba3dc8-dc32-4353-821a-724a7b3e4e26,t244_20200622-165017_8
t144_1592825321174_7,zare-2U79,1a13befa-b47b-11ea-840b-0242ac110002,16166263-9b6f-4cbb-b084-15870d4ad45e,t244_20200622-165017_7
t144_1592825324227_2,yMJw-oaro,81e24263-b47a-11ea-840b-0242ac110002,2f0f9e05-4f2e-41fd-86b8-2e69d57ccbd5,t244_20200622-165017_2
t144_1592825322568_4,47Mp-293V,bca41193-b47a-11ea-840b-0242ac110002,61d8cc20-3cac-47f2-a6e0-788ab5f5f755,t244_20200622-165017_4
t144_1592825330950_10,AY4C-T7LP,6fa73f07-b47b-11ea-840b-0242ac110002,28a49e0c-5d65-4162-b4b9-e56fc3850521,t244_20200622-165017_10
t144_1592825334089_5,xtrg-wfBe,dea115f5-b47a-11ea-840b-0242ac110002,af644ef8-0bba-4d35-903a-870b5cd1e86e,t244_20200622-165017_5
t144_1592825334766_9,p9ou-fDZP,55115eb0-b47b-11ea-94cc-0242ac110002,9ea49565-c49c-4133-a89c-f7b3d385c237,t244_20200622-165017_9
t144_1592825341924_8,y2zu-9q6G,36ab8966-b47b-11ea-840b-0242ac110002,99b341d6-255c-4b71-b989-3a8f2fd5e012,t244_20200622-165017_8
t144_1592825339217_6,HQq7-Ew73,f8df6160-b47a-11ea-94cc-0242ac110002,759b41c1-7456-4fd1-b64c-430f060046a9,t244_20200622-165017_6
t144_1592825339206_3,TD3Z-Roeb,9e8cf8d3-b47a-11ea-840b-0242ac110002,f12a9d72-b3bc-46a0-b7ff-0d98e60b33da,t244_20200622-165017_3
t144_1592825343977_7,zare-2U79,1a13befa-b47b-11ea-840b-0242ac110002,f9eefcbd-3b96-4afb-8bd6-2fd97a04c880,t244_20200622-165017_7
t144_1592825346855_2,yMJw-oaro,81e24263-b47a-11ea-840b-0242ac110002,80b32370-4b51-4543-bc7a-66d0b17efbe1,t244_20200622-165017_2
t144_1592825348422_4,47Mp-293V,bca41193-b47a-11ea-840b-0242ac110002,034f25b4-71c1-4bf4-8875-12a9ff097fac,t244_20200622-165017_4
t144_1592825354508_10,AY4C-T7LP,6fa73f07-b47b-11ea-840b-0242ac110002,981e64de-637c-40a4-9657-473ea2b62167,t244_20200622-165017_10
t144_1592825360287_9,p9ou-fDZP,55115eb0-b47b-11ea-94cc-0242ac110002,961b96cd-c705-4a21-a4dc-82abb3fc45cd,t244_20200622-165017_9
t144_1592825362039_6,HQq7-Ew73,f8df6160-b47a-11ea-94cc-0242ac110002,a1f9d624-0418-4372-bbc7-7e84b43788af,t244_20200622-165017_6
t144_1592825359768_5,xtrg-wfBe,dea115f5-b47a-11ea-840b-0242ac110002,0437ebdf-aa9c-4241-bf72-97797a923f5d,t244_20200622-165017_5
t144_1592825362035_8,y2zu-9q6G,36ab8966-b47b-11ea-840b-0242ac110002,42e59809-299b-4524-a512-0b43813adfc9,t244_20200622-165017_8
t144_1592825365184_7,zare-2U79,1a13befa-b47b-11ea-840b-0242ac110002,057b064f-a91e-4225-bde0-763d6f2f989b,t244_20200622-165017_7
t144_1592825364097_3,TD3Z-Roeb,9e8cf8d3-b47a-11ea-840b-0242ac110002,1e1b1a06-7d93-4b37-8afe-610d6ab45898,t244_20200622-165017_3
t144_1592825371490_4,47Mp-293V,bca41193-b47a-11ea-840b-0242ac110002,e972360d-980a-46d7-ba12-d38011f578ec,t244_20200622-165017_4
t144_1592825378534_10,AY4C-T7LP,6fa73f07-b47b-11ea-840b-0242ac110002,5396006d-6788-41eb-8eb7-2b6c1d1614d3,t244_20200622-165017_10
t144_1592825384654_5,xtrg-wfBe,dea115f5-b47a-11ea-840b-0242ac110002,a6e0fdbf-fca1-4c4f-ae15-541802d16d63,t244_20200622-165017_5
t144_1592825384000_6,HQq7-Ew73,f8df6160-b47a-11ea-94cc-0242ac110002,95b42ebb-9e76-40fe-a117-37c102f541e1,t244_20200622-165017_6
t144_1592825381872_9,p9ou-fDZP,55115eb0-b47b-11ea-94cc-0242ac110002,bed78c4c-990d-4f19-b336-e4058facc0f5,t244_20200622-165017_9
t144_1592825389885_7,zare-2U79,1a13befa-b47b-11ea-840b-0242ac110002,7227cea0-4e86-4ade-af2a-f9ee47b1159a,t244_20200622-165017_7
t144_1592825390404_3,TD3Z-Roeb,9e8cf8d3-b47a-11ea-840b-0242ac110002,36dee23a-ccf1-4c05-86fe-41974d4d33d3,t244_20200622-165017_3
t144_1592825387073_8,y2zu-9q6G,36ab8966-b47b-11ea-840b-0242ac110002,c8d3dfe8-4b6a-4f80-b3dd-657c2ef2d6ee,t244_20200622-165017_8
t144_1592825396146_4,47Mp-293V,bca41193-b47a-11ea-840b-0242ac110002,b35f4768-d58b-40c0-a26c-b2163c6c463c,t244_20200622-165017_4
t144_1592825404021_5,xtrg-wfBe,dea115f5-b47a-11ea-840b-0242ac110002,15c92633-2c56-473b-b925-c73232fb5c2d,t244_20200622-165017_5
t144_1592825403010_10,AY4C-T7LP,6fa73f07-b47b-11ea-840b-0242ac110002,29aba841-d051-4daf-96de-7c39a16f0c49,t244_20200622-165017_10
t144_1592825404386_6,HQq7-Ew73,f8df6160-b47a-11ea-94cc-0242ac110002,2d16ff2f-5def-4467-a8ff-2858d2ac5a61,t244_20200622-165017_6
t144_1592825404439_9,p9ou-fDZP,55115eb0-b47b-11ea-94cc-0242ac110002,683ef7ce-8fd6-4012-87eb-a8071c4b0b5a,t244_20200622-165017_9
t144_1592825410775_7,zare-2U79,1a13befa-b47b-11ea-840b-0242ac110002,9dc7a7f4-ece1-4c6e-baef-7c6a9c05107e,t244_20200622-165017_7
t144_1592825414650_8,y2zu-9q6G,36ab8966-b47b-11ea-840b-0242ac110002,7d31df69-c1fb-4acd-8fce-8ce1eefb58e6,t244_20200622-165017_8
t144_1592825419752_4,47Mp-293V,bca41193-b47a-11ea-840b-0242ac110002,04b071fd-d8af-4127-8f61-69192a5252d5,t244_20200622-165017_4
t144_1592825424553_5,xtrg-wfBe,dea115f5-b47a-11ea-840b-0242ac110002,fd0d7040-25ec-44f2-98ef-b07e9a93127e,t244_20200622-165017_5
t144_1592825429211_6,HQq7-Ew73,f8df6160-b47a-11ea-94cc-0242ac110002,f79ec071-d9cb-4d51-99a2-574ba9becc15,t244_20200622-165017_6
t144_1592825427085_10,AY4C-T7LP,6fa73f07-b47b-11ea-840b-0242ac110002,a2fcc71c-00c9-45b4-a314-ee219f93d584,t244_20200622-165017_10
t144_1592825431979_9,p9ou-fDZP,55115eb0-b47b-11ea-94cc-0242ac110002,c506b153-86f0-4e72-bb65-86d515c65692,t244_20200622-165017_9
t144_1592825434328_7,zare-2U79,1a13befa-b47b-11ea-840b-0242ac110002,3698ed83-a7a6-4dd1-b9cc-f3e139151831,t244_20200622-165017_7
t144_1592825441051_4,47Mp-293V,bca41193-b47a-11ea-840b-0242ac110002,0d2f0657-09ba-495d-912b-48015d7401f2,t244_20200622-165017_4
t144_1592825436834_8,y2zu-9q6G,36ab8966-b47b-11ea-840b-0242ac110002,cd420107-202b-4b47-8b15-4f0f7a4ee0c9,t244_20200622-165017_8
t144_1592825451307_6,HQq7-Ew73,f8df6160-b47a-11ea-94cc-0242ac110002,34d236a9-bd86-4483-b9d9-98fd9f392302,t244_20200622-165017_6
t144_1592825453968_9,p9ou-fDZP,55115eb0-b47b-11ea-94cc-0242ac110002,bcada628-cec7-4944-bed2-9b53ecb6b7dc,t244_20200622-165017_9
t144_1592825451482_10,AY4C-T7LP,6fa73f07-b47b-11ea-840b-0242ac110002,7af152f8-5b4f-4e19-9f7d-b7a4e71dd918,t244_20200622-165017_10
t144_1592825451005_5,xtrg-wfBe,dea115f5-b47a-11ea-840b-0242ac110002,f192e5f3-9f49-4add-812e-4e602c27b5e7,t244_20200622-165017_5
t144_1592825462822_4,47Mp-293V,bca41193-b47a-11ea-840b-0242ac110002,8e828ab4-ecc2-4d40-b274-db940b9ff3a6,t244_20200622-165017_4
t144_1592825458977_7,zare-2U79,1a13befa-b47b-11ea-840b-0242ac110002,f187fa63-26c7-450c-90d6-bd90285755b0,t244_20200622-165017_7
t144_1592825463612_8,y2zu-9q6G,36ab8966-b47b-11ea-840b-0242ac110002,a09f2f72-6e8f-4d9a-9a13-949f3221ce45,t244_20200622-165017_8
t144_1592825473428_6,HQq7-Ew73,f8df6160-b47a-11ea-94cc-0242ac110002,06dba944-2442-4bd0-ab0b-3b4ed6b8371e,t244_20200622-165017_6
t144_1592825474111_9,p9ou-fDZP,55115eb0-b47b-11ea-94cc-0242ac110002,3aa68bd1-8248-4457-9a05-db00a0fdd007,t244_20200622-165017_9
t144_1592825478626_5,xtrg-wfBe,dea115f5-b47a-11ea-840b-0242ac110002,e38b822a-16ac-44f5-b6c0-70cb7b15aa10,t244_20200622-165017_5
t144_1592825477624_10,AY4C-T7LP,6fa73f07-b47b-11ea-840b-0242ac110002,c38c38d7-3d99-4f0f-8e12-c68174f8a5d0,t244_20200622-165017_10
t144_1592825484022_7,zare-2U79,1a13befa-b47b-11ea-840b-0242ac110002,52a82644-8f82-4efe-9bfc-2c2d45b106a5,t244_20200622-165017_7
t144_1592825485746_8,y2zu-9q6G,36ab8966-b47b-11ea-840b-0242ac110002,1171e6ee-be01-408c-8a6d-47abf2623d16,t244_20200622-165017_8
t144_1592825496654_9,p9ou-fDZP,55115eb0-b47b-11ea-94cc-0242ac110002,a9b285fa-64f5-4d5f-9e8f-3232b6f5fc3d,t244_20200622-165017_9
t144_1592825496174_6,HQq7-Ew73,f8df6160-b47a-11ea-94cc-0242ac110002,fd091025-82da-4989-b39b-9972a85f7f35,t244_20200622-165017_6
t144_1592825499693_5,xtrg-wfBe,dea115f5-b47a-11ea-840b-0242ac110002,6e4a904f-39a2-4b36-8843-0d2cd77d4f22,t244_20200622-165017_5
t144_1592825501075_10,AY4C-T7LP,6fa73f07-b47b-11ea-840b-0242ac110002,d197d296-4a25-41a8-8432-56bc40046312,t244_20200622-165017_10
t144_1592825505496_7,zare-2U79,1a13befa-b47b-11ea-840b-0242ac110002,10514059-7523-4829-999e-5f747966db38,t244_20200622-165017_7
t144_1592825516497_6,HQq7-Ew73,f8df6160-b47a-11ea-94cc-0242ac110002,962bbaf4-90b2-47fa-bd95-cfe6ad6be2aa,t244_20200622-165017_6
t144_1592825511330_8,y2zu-9q6G,36ab8966-b47b-11ea-840b-0242ac110002,9c749468-db26-436e-bf0d-1d173ccbd482,t244_20200622-165017_8
t144_1592825515816_9,p9ou-fDZP,55115eb0-b47b-11ea-94cc-0242ac110002,60fd6821-c2e0-4462-938c-5a5793c8fc71,t244_20200622-165017_9
t144_1592825523262_10,AY4C-T7LP,6fa73f07-b47b-11ea-840b-0242ac110002,761a213b-ad1d-4aec-b73a-4e8d30bf6665,t244_20200622-165017_10
t144_1592825526105_7,zare-2U79,1a13befa-b47b-11ea-840b-0242ac110002,166c2c75-5582-46af-a756-d345afee9b3a,t244_20200622-165017_7
t144_1592825537260_6,HQq7-Ew73,f8df6160-b47a-11ea-94cc-0242ac110002,05ea2813-0ac0-460d-a90f-fb5f9cab7a0e,t244_20200622-165017_6
t144_1592825537798_8,y2zu-9q6G,36ab8966-b47b-11ea-840b-0242ac110002,5eb158a5-78d8-4f5d-96cb-1675b4b9be41,t244_20200622-165017_8
t144_1592825543163_9,p9ou-fDZP,55115eb0-b47b-11ea-94cc-0242ac110002,438ba663-6a99-438a-976e-4b1d9dcc7c54,t244_20200622-165017_9
t144_1592825544889_10,AY4C-T7LP,6fa73f07-b47b-11ea-840b-0242ac110002,16e22371-c175-4469-aaed-f810cc950716,t244_20200622-165017_10
t144_1592825551016_7,zare-2U79,1a13befa-b47b-11ea-840b-0242ac110002,d29c4eeb-8423-4fed-abe2-7076aad0fe95,t244_20200622-165017_7
t144_1592825562456_8,y2zu-9q6G,36ab8966-b47b-11ea-840b-0242ac110002,ef1466aa-5806-49f0-961e-ce0618205be7,t244_20200622-165017_8
t144_1592825567353_10,AY4C-T7LP,6fa73f07-b47b-11ea-840b-0242ac110002,53fffde9-ef79-44d5-b7ee-6a3b839c3188,t244_20200622-165017_10
t144_1592825572542_7,zare-2U79,1a13befa-b47b-11ea-840b-0242ac110002,dbb415b8-e9fe-449f-a617-e1eda1f7bcb5,t244_20200622-165017_7
t144_1592825566628_9,p9ou-fDZP,55115eb0-b47b-11ea-94cc-0242ac110002,c1639e1a-8ea1-4bcb-be49-8d19ced4eea0,t244_20200622-165017_9
t144_1592825581621_8,y2zu-9q6G,36ab8966-b47b-11ea-840b-0242ac110002,f0a228bd-5daf-40cc-9605-8a53f0bdd82e,t244_20200622-165017_8
t144_1592825591805_7,zare-2U79,1a13befa-b47b-11ea-840b-0242ac110002,5178893c-b1fd-49d0-b438-a87bcfeb6042,t244_20200622-165017_7
t144_1592825588771_10,AY4C-T7LP,6fa73f07-b47b-11ea-840b-0242ac110002,b133d72f-ddab-471e-a38c-6c85c3dffcd0,t244_20200622-165017_10
t144_1592825592953_9,p9ou-fDZP,55115eb0-b47b-11ea-94cc-0242ac110002,584bd0c9-58a0-4cd6-bc93-377df2d28dce,t244_20200622-165017_9
t144_1592825605947_8,y2zu-9q6G,36ab8966-b47b-11ea-840b-0242ac110002,7237904f-dc4c-4d18-8230-8137d71eb4e0,t244_20200622-165017_8
t144_1592825614851_9,p9ou-fDZP,55115eb0-b47b-11ea-94cc-0242ac110002,2cc56a02-9505-458a-8fd6-156adcd20d1d,t244_20200622-165017_9
t144_1592825612586_10,AY4C-T7LP,6fa73f07-b47b-11ea-840b-0242ac110002,5c54e93b-61f1-47e1-9410-53b45244adf4,t244_20200622-165017_10
t144_1592825633025_8,y2zu-9q6G,36ab8966-b47b-11ea-840b-0242ac110002,e8f96d78-4140-4b64-b4b0-ffa7cdbcf399,t244_20200622-165017_8
t144_1592825636531_9,p9ou-fDZP,55115eb0-b47b-11ea-94cc-0242ac110002,50ad8802-4ebb-4bc7-a0ec-f74d4c0949d7,t244_20200622-165017_9
t144_1592825640633_10,AY4C-T7LP,6fa73f07-b47b-11ea-840b-0242ac110002,995d65f7-c679-4e86-abf2-8ebfe8c2159a,t244_20200622-165017_10
t144_1592825660298_8,y2zu-9q6G,36ab8966-b47b-11ea-840b-0242ac110002,4b888494-c170-48fd-9ea3-acdceec54f3a,t244_20200622-165017_8
t144_1592825661929_9,p9ou-fDZP,55115eb0-b47b-11ea-94cc-0242ac110002,149ae602-886c-4ba0-80c2-a9a8433b87d0,t244_20200622-165017_9
t144_1592825664338_10,AY4C-T7LP,6fa73f07-b47b-11ea-840b-0242ac110002,4f4b2972-a1f0-4ce8-b010-6ca661e4497a,t244_20200622-165017_10
t144_1592825688698_9,p9ou-fDZP,55115eb0-b47b-11ea-94cc-0242ac110002,e6747f61-ea9f-40e5-962a-8378ec699c8f,t244_20200622-165017_9
t144_1592825688770_10,AY4C-T7LP,6fa73f07-b47b-11ea-840b-0242ac110002,3d8b9ddc-23ad-495f-b8f0-b122da019e4c,t244_20200622-165017_10
t144_1592825711038_9,p9ou-fDZP,55115eb0-b47b-11ea-94cc-0242ac110002,fe85a000-2199-4f39-8211-351adba4664f,t244_20200622-165017_9
t144_1592825716146_10,AY4C-T7LP,6fa73f07-b47b-11ea-840b-0242ac110002,ee6b7f0e-0841-4d92-a12a-2a3aa7d2140b,t244_20200622-165017_10
t144_1592825738816_10,AY4C-T7LP,6fa73f07-b47b-11ea-840b-0242ac110002,1afb0b12-69ad-440e-a314-9c8daf66bd28,t244_20200622-165017_10
t144_1592825763210_10,AY4C-T7LP,6fa73f07-b47b-11ea-840b-0242ac110002,b9d7dc95-5128-418a-8a32-3c7c351fa659,t244_20200622-165017_10
t144_1592819402787_1,JjT2-D4Rh,b1af6bf4-b46d-11ea-94cc-0242ac110002,b039f265-4419-444f-bcea-03b6c8ecddc3,t244_20200622-151920_1
t144_1592819423172_1,JjT2-D4Rh,b1af6bf4-b46d-11ea-94cc-0242ac110002,ac4abe02-39ef-4e14-a148-4abd70229e3a,t244_20200622-151920_1
t144_1592819441866_1,JjT2-D4Rh,b1af6bf4-b46d-11ea-94cc-0242ac110002,29b5c925-c914-4518-b143-fabee14a8cb9,t244_20200622-151920_1
t144_1592819465303_1,JjT2-D4Rh,b1af6bf4-b46d-11ea-94cc-0242ac110002,3ca6a887-7ed0-45ff-bc3d-25a9f1b4a232,t244_20200622-151920_1
t144_1592819490234_1,JjT2-D4Rh,b1af6bf4-b46d-11ea-94cc-0242ac110002,a8f3de8f-1a4c-4add-bd5d-1a969775f69e,t244_20200622-151920_1
t144_1592819511591_1,JjT2-D4Rh,b1af6bf4-b46d-11ea-94cc-0242ac110002,c3b381f2-48a5-44fe-8efb-97aa338842c0,t244_20200622-151920_1
